-7.255070 -2.267486 -9.921277 
-7.119965 -3.074923 -2.130971 
-7.009950 -3.701980 -2.986368 
-6.921807 -4.335877 -3.594508 
-6.855039 -4.973075 -4.211425 
-6.809140 -5.615497 -4.831447 
-6.783675 -6.265005 -5.456390 
-6.778279 -6.923568 -6.087956 
-6.792659 -7.593257 -6.727949 
-6.826590 -8.276258 -7.378268 
-6.879923 -8.974879 -8.040923 
-6.952583 -9.691566 -8.718032 
-7.044572 -10.428916 -9.411841 
-7.155970 -11.189692 -10.124732 
-7.286940 -11.976847 -10.859232 
-7.437730 -12.793543 -11.618038 
-7.608678 -13.643180 -12.404028 
-7.800218 -14.529421 -13.220287 
-8.012881 -15.456232 -14.070128 
-8.247307 -16.427917 -14.957124 
-8.504248 -17.449163 -15.885134 
-8.784579 -18.525095 -16.858343 
-9.089311 -19.661331 -17.881304 
-9.419596 -20.864054 -18.958982 
-9.776746 -22.140089 -20.096819 
-10.162247 -23.496996 -21.300776 
-10.577777 -24.943176 -22.577423 
-11.025227 -26.487997 -23.934017 
-11.506726 -28.141939 -25.378592 
-12.024670 -29.916761 -26.920073 
-12.581753 -31.825708 -28.568398 
-13.181007 -33.883743 -30.334673 
-13.825850 -36.107834 -32.231339 
-14.520131 -38.517281 -34.272373 
-15.268203 -41.134121 -36.473522 
-16.074987 -43.983604 -38.852570 
-16.946068 -47.094772 -41.429668 
-17.887789 -50.501148 -44.227703 
-18.907381 -54.241585 -47.272739 
-20.013111 -58.361286 -50.594536 
-21.214455 -62.913067 -54.227161 
-22.522316 -67.958885 -58.209694 
-23.949282 -73.571747 -62.587067 
-25.509941 -79.838028 -67.411041 
-27.221270 -86.860405 -72.741295 
-29.103102 -94.761459 -78.646744 
-31.178711 -103.688194 -85.206947 
-33.475533 -113.817642 -92.513695 
-36.026062 -125.363914 -100.672562 
-38.868954 -138.586960 -109.804482 
-42.050419 -153.803406 -120.046852 
-45.625942 -171.399872 -131.553818 
-49.662441 -191.849075 -144.494736 
-54.240917 -215.728546 -159.049515 
-59.459728 -243.741364 -175.398026 
-65.438515 -276.736450 -193.699890 
-72.322762 -315.722900 -214.057755 
-80.288811 -361.866821 -236.454178 
-89.548630 -416.447174 -260.647278 
-100.352898 -480.727509 -286.005615 
-112.989349 -555.666260 -311.261993 
-127.770432 -641.340759 -334.180481 
-144.999985 -735.910217 -351.186035 
-164.902451 -833.956299 -357.143768 
-187.493469 -924.291870 -345.747345 
-212.377655 -988.167053 -311.291565 
-238.500366 -1000.507446 -252.470886 
-263.982819 -938.372498 -177.079529 
-286.304993 -797.829956 -102.696045 
-303.068512 -607.994141 -47.673645 
-313.083740 -420.641754 -17.782837 
-316.888184 -275.973511 -5.253113 
-316.140930 -182.164993 -0.526367 
-312.579559 -127.051399 1.310059 
-307.466919 -96.079277 1.995247 
-301.575897 -79.050491 2.077057 
-295.348511 -69.984970 1.760330 
-289.034607 -65.572708 1.143318 
-282.777679 -63.997574 0.284683 
-276.662537 -64.249237 -0.779118 
-270.741119 -65.754486 -2.024948 
-265.046600 -68.181419 -3.439049 
-259.601135 -71.335167 -5.013641 
-254.420334 -75.100624 -6.745094 
-249.515854 -79.410400 -8.632187 
-244.896973 -84.226089 -10.675056 
-240.571564 -89.527000 -12.874176 
-236.546661 -95.302956 -15.229584 
-232.828781 -101.549469 -17.740143 
-229.424133 -108.264236 -20.402779 
-226.338699 -115.444359 -23.211769 
-223.578186 -123.083893 -26.158035 
-221.147919 -131.171631 -29.228386 
-219.052734 -139.688843 -32.404785 
-217.296677 -148.607040 -35.663757 
-215.882736 -157.885712 -38.975754 
-214.812469 -167.470062 -42.304771 
-214.085571 -177.288849 -45.608315 
-213.699387 -187.252563 -48.837524 
-213.648361 -197.252090 -51.937866 
-213.923508 -207.158188 -54.850403 
-214.511841 -216.822052 -57.513641 
-215.395813 -226.077515 -59.865936 
-216.552948 -234.745010 -61.848801 
-217.955521 -242.637711 -63.410385 
-219.570511 -249.569870 -64.509201 
-221.359818 -255.367065 -65.118027 
-223.280807 -259.877869 -65.226791 
-225.287262 -262.985840 -64.844681 
-227.330673 -264.620575 -64.000732 
-229.361832 -264.766235 -62.742691 
-231.332703 -263.466217 -61.133987 
-233.198273 -260.822601 -59.249603 
-234.918427 -256.990479 -57.170853 
-236.459457 -252.167465 -54.979645 
-237.795242 -246.579468 -52.753906 
-238.907852 -240.465134 -50.563019 
-239.787674 -234.060226 -48.465714 
-240.432999 -227.584671 -46.508301 
-240.849228 -221.232391 -44.724976 
-241.047806 -215.165405 -43.138474 
-241.044952 -209.511292 -41.761749 
-240.860413 -204.363876 -40.599487 
-240.516281 -199.785965 -39.650192 
-240.035904 -195.813614 -38.907455 
-239.443039 -192.460678 -38.361664 
-238.761093 -189.723572 -38.000763 
-238.012619 -187.585388 -37.811356 
-237.218933 -186.019547 -37.779114 
-236.399796 -184.992706 -37.889313 
-235.573318 -184.467010 -38.127060 
-234.755829 -184.401749 -38.477371 
-233.961838 -184.754501 -38.925385 
-233.204056 -185.481979 -39.456375 
-232.493423 -186.540527 -40.055740 
-231.839127 -187.886444 -40.709045 
-231.248688 -189.476166 -41.402023 
-230.727997 -191.266373 -42.120758 
-230.281342 -193.214157 -42.851517 
-229.911530 -195.277100 -43.581146 
-229.619873 -197.413559 -44.296844 
-229.406326 -199.582748 -44.986664 
-229.269516 -201.745255 -45.639374 
-229.206848 -203.863251 -46.244858 
-229.214554 -205.901047 -46.794174 
-229.287857 -207.825607 -47.279663 
-229.421021 -209.606964 -47.695374 
-229.607559 -211.218918 -48.036819 
-229.840302 -212.639389 -48.301331 
-230.111618 -213.850952 -48.488007 
-230.413528 -214.841141 -48.597702 
-230.737915 -215.602722 -48.632950 
-231.076660 -216.133713 -48.597855 
-231.421875 -216.437347 -48.497925 
-231.765991 -216.521835 -48.339813 
-232.101959 -216.399918 -48.131165 
-232.423386 -216.088409 -47.880219 
-232.724594 -215.607422 -47.595703 
-233.000763 -214.979752 -47.286377 
-233.247955 -214.230011 -46.960922 
-233.463135 -213.383804 -46.627701 
-233.644211 -212.467072 -46.294495 
-233.789993 -211.505249 -45.968475 
-233.900146 -210.522736 -45.655945 
-233.975143 -209.542297 -45.362381 
-234.016144 -208.584656 -45.092285 
-234.024979 -207.668152 -44.849380 
-234.003983 -206.808640 -44.636292 
-233.955933 -206.019226 -44.454926 
-233.883942 -205.310379 -44.306305 
-233.791367 -204.689926 -44.190720 
-233.681702 -204.163132 -44.107758 
-233.558502 -203.732910 -44.056488 
-233.425308 -203.400009 -44.035324 
-233.285583 -203.163147 -44.042313 
-233.142609 -203.019302 -44.075150 
-232.999496 -202.963928 -44.131149 
-232.859100 -202.991135 -44.207489 
-232.723999 -203.094009 -44.301147 
-232.596466 -203.264709 -44.408981 
-232.478455 -203.494766 -44.527893 
-232.371582 -203.775238 -44.654739 
-232.277115 -204.096939 -44.786453 
-232.195999 -204.450562 -44.920135 
-232.128845 -204.826889 -45.053024 
-232.075958 -205.216919 -45.182571 
-232.037308 -205.612061 -45.306442 
-232.012634 -206.004181 -45.422607 
-232.001389 -206.385788 -45.529312 
-232.002808 -206.750107 -45.625122 
-232.015945 -207.091171 -45.708893 
-232.039673 -207.403854 -45.779755 
-232.072739 -207.683945 -45.837296 
-232.113800 -207.928177 -45.881226 
-232.161453 -208.134216 -45.911697 
-232.214264 -208.300659 -45.929062 
-232.270782 -208.427002 -45.933868 
-232.329590 -208.513565 -45.927002 
-232.389343 -208.561508 -45.909439 
-232.448761 -208.572678 -45.882324 
-232.506653 -208.549561 -45.846909 
-232.561981 -208.495117 -45.804581 
-232.613815 -208.412827 -45.756668 
-232.661362 -208.306412 -45.704605 
-232.703964 -208.179855 -45.649719 
-232.741150 -208.037231 -45.593414 
-232.772552 -207.882675 -45.536880 
-232.797989 -207.720230 -45.481323 
-232.817383 -207.553818 -45.427780 
-232.830795 -207.387115 -45.377182 
-232.838409 -207.223541 -45.330322 
-232.840500 -207.066147 -45.287888 
-232.837448 -206.917679 -45.250381 
-232.829697 -206.780457 -45.218185 
-232.817764 -206.656387 -45.191544 
-232.802216 -206.546982 -45.170578 
-232.783615 -206.453323 -45.155258 
-232.762589 -206.376099 -45.145477 
-232.739731 -206.315598 -45.141006 
-232.715637 -206.271790 -45.141541 
-232.690887 -206.244263 -45.146667 
-232.666031 -206.232346 -45.155975 
-232.641571 -206.235107 -45.168961 
-232.617981 -206.251404 -45.185059 
-232.595657 -206.279861 -45.203720 
-232.574951 -206.319000 -45.224411 
-232.556168 -206.367249 -45.246552 
-232.539520 -206.422958 -45.269562 
-232.525208 -206.484451 -45.292938 
-232.513321 -206.550064 -45.316208 
-232.503922 -206.618195 -45.338882 
-232.497025 -206.687286 -45.360565 
-232.492569 -206.755875 -45.380890 
-232.490463 -206.822632 -45.399551 
-232.490585 -206.886353 -45.416321 
-232.492752 -206.945999 -45.430939 
-232.496780 -207.000641 -45.443329 
-232.502441 -207.049561 -45.453400 
-232.509506 -207.092239 -45.461090 
-232.517731 -207.128235 -45.466461 
-232.526855 -207.157349 -45.469559 
-232.536621 -207.179489 -45.470474 
-232.546799 -207.194748 -45.469376 
-232.557144 -207.203308 -45.466446 
-232.567444 -207.205536 -45.461853 
-232.577499 -207.201828 -45.455811 
-232.587112 -207.192688 -45.448578 
-232.596130 -207.178726 -45.440369 
-232.604416 -207.160583 -45.431412 
-232.611847 -207.138931 -45.421951 
-232.618347 -207.114456 -45.412262 
-232.623856 -207.087906 -45.402481 
-232.628326 -207.059937 -45.392868 
-232.631760 -207.031219 -45.383591 
-232.634155 -207.002411 -45.374786 
-232.635544 -206.974075 -45.366638 
-232.635986 -206.946777 -45.359207 
-232.635529 -206.920944 -45.352646 
-232.634247 -206.897018 -45.346985 
-232.632233 -206.875336 -45.342270 
-232.629593 -206.856155 -45.338562 
-232.626404 -206.839691 -45.335800 
-232.622787 -206.826050 -45.334030 
-232.618851 -206.815308 -45.333191 
-232.614685 -206.807465 -45.333206 
-232.610397 -206.802460 -45.334030 
-232.606094 -206.800171 -45.335617 
-232.601852 -206.800461 -45.337784 
-232.597748 -206.803085 -45.340561 
-232.593857 -206.807861 -45.343765 
-232.590240 -206.814514 -45.347351 
-232.586960 -206.822784 -45.351151 
-232.584045 -206.832352 -45.355148 
-232.581528 -206.842957 -45.359207 
-232.579437 -206.854309 -45.363251 
-232.577774 -206.866119 -45.367188 
-232.576553 -206.878098 -45.370972 
-232.575745 -206.890015 -45.374496 
-232.575348 -206.901611 -45.377777 
-232.575348 -206.912720 -45.380692 
-232.575699 -206.923111 -45.383255 
-232.576370 -206.932648 -45.385437 
-232.577332 -206.941208 -45.387207 
-232.578537 -206.948685 -45.388565 
-232.579956 -206.955002 -45.389526 
-232.581528 -206.960129 -45.390076 
-232.583221 -206.964050 -45.390274 
-232.584976 -206.966782 -45.390091 
-232.586777 -206.968338 -45.389618 
-232.588562 -206.968796 -45.388824 
-232.590302 -206.968216 -45.387817 
-232.591980 -206.966705 -45.386581 
-232.593552 -206.964340 -45.385162 
-232.595001 -206.961243 -45.383621 
-232.596298 -206.957535 -45.381973 
-232.597443 -206.953323 -45.380295 
-232.598404 -206.948730 -45.378601 
-232.599197 -206.943893 -45.376938 
-232.599808 -206.938919 -45.375320 
-232.600235 -206.933929 -45.373795 
-232.600494 -206.929016 -45.372345 
-232.600586 -206.924240 -45.371063 
-232.600510 -206.919739 -45.369888 
-232.600296 -206.915543 -45.368912 
-232.599960 -206.911758 -45.368088 
-232.599503 -206.908401 -45.367432 
-232.598953 -206.905518 -45.366928 
-232.598328 -206.903107 -45.366623 
-232.597641 -206.901215 -45.366455 
-232.596924 -206.899811 -45.366455 
-232.596176 -206.898911 -45.366592 
-232.595428 -206.898483 -45.366852 
-232.594696 -206.898499 -45.367233 
-232.593979 -206.898941 -45.367706 
-232.593307 -206.899750 -45.368256 
-232.592682 -206.900879 -45.368866 
-232.592102 -206.902298 -45.369537 
-232.591583 -206.903946 -45.370209 
-232.591141 -206.905762 -45.370941 
-232.590775 -206.907745 -45.371643 
-232.590485 -206.909805 -45.372314 
-232.590271 -206.911880 -45.372971 
-232.590134 -206.913940 -45.373596 
-232.590057 -206.915955 -45.374161 
-232.590057 -206.917892 -45.374664 
-232.590118 -206.919693 -45.375107 
-232.590225 -206.921341 -45.375488 
-232.590393 -206.922836 -45.375809 
-232.590591 -206.924149 -45.376053 
-232.590836 -206.925262 -45.376221 
-232.591110 -206.926163 -45.376312 
-232.591400 -206.926849 -45.376358 
-232.591705 -206.927338 -45.376328 
-232.592010 -206.927612 -45.376251 
-232.592316 -206.927704 -45.376129 
-232.592621 -206.927628 -45.375946 
-232.592911 -206.927368 -45.375732 
-232.593185 -206.926971 -45.375473 
-232.593430 -206.926437 -45.375229 
-232.593658 -206.925812 -45.374954 
-232.593857 -206.925095 -45.374680 
-232.594025 -206.924332 -45.374359 
-232.594162 -206.923492 -45.374084 
-232.594269 -206.922638 -45.373810 
-232.594345 -206.921783 -45.373535 
-232.594391 -206.920929 -45.373306 
-232.594406 -206.920120 -45.373077 
-232.594391 -206.919342 -45.372879 
-232.594360 -206.918625 -45.372711 
-232.594299 -206.917984 -45.372543 
-232.594223 -206.917389 -45.372452 
-232.594131 -206.916901 -45.372345 
-232.594025 -206.916473 -45.372299 
-232.593903 -206.916138 -45.372269 
-232.593781 -206.915894 -45.372269 
-232.593658 -206.915741 -45.372284 
-232.593536 -206.915649 -45.372330 
-232.593414 -206.915649 -45.372391 
-232.593292 -206.915710 -45.372467 
-232.593170 -206.915833 -45.372559 
-232.593063 -206.916016 -45.372681 
-232.592972 -206.916260 -45.372787 
-232.592880 -206.916550 -45.372894 
-232.592804 -206.916855 -45.373016 
-232.592743 -206.917191 -45.373138 
-232.592697 -206.917542 -45.373260 
-232.592651 -206.917892 -45.373383 
-232.592621 -206.918259 -45.373474 
-232.592606 -206.918594 -45.373581 
-232.592606 -206.918930 -45.373672 
-232.592621 -206.919250 -45.373749 
-232.592636 -206.919540 -45.373810 
-232.592667 -206.919800 -45.373871 
-232.592697 -206.920029 -45.373901 
-232.592743 -206.920212 -45.373947 
-232.592789 -206.920380 -45.373947 
-232.592834 -206.920502 -45.373947 
-232.592880 -206.920578 -45.373962 
-232.592941 -206.920639 -45.373947 
-232.593002 -206.920654 -45.373917 
-232.593048 -206.920639 -45.373871 
-232.593094 -206.920578 -45.373856 
-232.593140 -206.920517 -45.373795 
-232.593185 -206.920410 -45.373764 
-232.593231 -206.920303 -45.373718 
-232.593262 -206.920181 -45.373657 
-232.593292 -206.920044 -45.373611 
-232.593323 -206.919891 -45.373566 
-232.593338 -206.919754 -45.373505 
-232.593353 -206.919601 -45.373474 
-232.593353 -206.919449 -45.373413 
-232.593353 -206.919296 -45.373367 
-232.593353 -206.919144 -45.373352 
-232.593353 -206.919022 -45.373322 
-232.593338 -206.918915 -45.373291 
-232.593323 -206.918808 -45.373276 
-232.593307 -206.918732 -45.373260 
-232.593292 -206.918655 -45.373245 
-232.593277 -206.918594 -45.373230 
-232.593262 -206.918549 -45.373230 
-232.593231 -206.918518 -45.373230 
-232.593201 -206.918503 -45.373245 
-232.593170 -206.918503 -45.373260 
-232.593155 -206.918518 -45.373276 
-232.593140 -206.918549 -45.373291 
-232.593124 -206.918579 -45.373306 
-232.593109 -206.918610 -45.373322 
-232.593094 -206.918655 -45.373337 
-232.593079 -206.918701 -45.373367 
-232.593063 -206.918762 -45.373383 
-232.593048 -206.918823 -45.373413 
-232.593033 -206.918900 -45.373428 
-232.593033 -206.918961 -45.373474 
-232.593033 -206.919037 -45.373474 
-232.593033 -206.919098 -45.373505 
-232.593033 -206.919159 -45.373520 
-232.593033 -206.919220 -45.373520 
-232.593033 -206.919266 -45.373535 
-232.593033 -206.919312 -45.373535 
-232.593048 -206.919357 -45.373566 
-232.593063 -206.919403 -45.373550 
-232.593079 -206.919418 -45.373550 
-232.593094 -206.919434 -45.373550 
-232.593109 -206.919434 -45.373550 
-232.593124 -206.919434 -45.373535 
-232.593140 -206.919418 -45.373520 
-232.593155 -206.919388 -45.373520 
-232.593155 -206.919373 -45.373505 
-232.593155 -206.919342 -45.373489 
-232.593155 -206.919312 -45.373489 
-232.593155 -206.919296 -45.373474 
-232.593155 -206.919266 -45.373474 
-232.593155 -206.919250 -45.373459 
-232.593155 -206.919220 -45.373474 
-232.593155 -206.919205 -45.373459 
-232.593155 -206.919189 -45.373459 
-232.593155 -206.919174 -45.373459 
-232.593155 -206.919159 -45.373444 
-232.593155 -206.919144 -45.373444 
-232.593155 -206.919128 -45.373444 
-232.593155 -206.919128 -45.373444 
-232.593155 -206.919128 -45.373444 
-232.593155 -206.919128 -45.373444 
-232.593155 -206.919128 -45.373444 
-232.593155 -206.919128 -45.373444 
-232.593155 -206.919128 -45.373444 
-232.593155 -206.919128 -45.373444 
-232.593155 -206.919128 -45.373444 
-232.593155 -206.919128 -45.373444 
-232.593155 -206.919128 -45.373444 
-232.593155 -206.919128 -45.373444 
-232.593155 -206.919128 -45.373444 
-232.593155 -206.919128 -45.373444 
-232.593155 -206.919128 -45.373444 
-232.593155 -206.919128 -45.373444 
-232.593155 -206.919128 -45.373444 
-232.593155 -206.919128 -45.373444 
-232.593155 -206.919128 -45.373444 
-232.593155 -206.919128 -45.373444 
-232.593155 -206.919128 -45.373444 
-232.593155 -206.919128 -45.373444 
-232.593155 -206.919128 -45.373444 
-232.593155 -206.919128 -45.373444 
-232.593155 -206.919128 -45.373444 
-232.593155 -206.919128 -45.373444 
-232.593155 -206.919128 -45.373444 
-232.593155 -206.919128 -45.373444 
-232.593155 -206.919128 -45.373444 
-232.593155 -206.919128 -45.373444 
-232.593155 -206.919128 -45.373444 
-232.593155 -206.919128 -45.373444 
-232.593155 -206.919128 -45.373444 
-232.593155 -206.919128 -45.373444 
-232.593155 -206.919128 -45.373444 
-232.593155 -206.919128 -45.373444 
-232.593155 -206.919128 -45.373444 
-232.593155 -206.919128 -45.373444 
-232.593155 -206.919128 -45.373444 
-232.593155 -206.919128 -45.373444 
-232.593155 -206.919128 -45.373444 
-232.593155 -206.919128 -45.373444 
-232.593155 -206.919128 -45.373444 
-232.593155 -206.919128 -45.373444 
-232.593155 -206.919128 -45.373444 
-232.593155 -206.919128 -45.373444 
-232.593155 -206.919128 -45.373444 
-232.593155 -206.919128 -45.373444 
-232.593155 -206.919128 -45.373444 
-232.593155 -206.919128 -45.373444 
-232.593155 -206.919128 -45.373444 
-232.593155 -206.919128 -45.373444 
-232.593155 -206.919128 -45.373444 
-232.593155 -206.919128 -45.373444 
-232.593155 -206.919128 -45.373444 
-232.593155 -206.919128 -45.373444 
-232.593155 -206.919128 -45.373444 
-232.593155 -206.919128 -45.373444 
-232.593155 -206.919128 -45.373444 
-232.593155 -206.919128 -45.373444 
-232.593155 -206.919128 -45.373444 
-232.593155 -206.919128 -45.373444 
-232.593155 -206.919128 -45.373444 
-232.593155 -206.919128 -45.373444 
-232.593155 -206.919128 -45.373444 
-232.593155 -206.919128 -45.373444 
-232.593155 -206.919128 -45.373444 
-232.593155 -206.919128 -45.373444 
-232.593155 -206.919128 -45.373444 
-232.593155 -206.919128 -45.373444 
-232.593155 -206.919128 -45.373444 
-232.593155 -206.919128 -45.373444 
-232.593155 -206.919128 -45.373444 
-232.593155 -206.919128 -45.373444 
-232.593155 -206.919128 -45.373444 
-232.593155 -206.919128 -45.373444 
-232.593155 -206.919128 -45.373444 
-232.593155 -206.919128 -45.373444 
-232.593155 -206.919128 -45.373444 
-232.593155 -206.919128 -45.373444 
-232.593155 -206.919128 -45.373444 
-232.593155 -206.919128 -45.373444 
-232.593155 -206.919128 -45.373444 
-232.593155 -206.919128 -45.373444 
-232.593155 -206.919128 -45.373444 
-232.593155 -206.919128 -45.373444 
-232.593155 -206.919128 -45.373444 
-232.593155 -206.919128 -45.373444 
-232.593155 -206.919128 -45.373444 
-232.593155 -206.919128 -45.373444 
-232.593155 -206.919128 -45.373444 
-232.593155 -206.919128 -45.373444 
-232.593155 -206.919128 -45.373444 
-232.593155 -206.919128 -45.373444 
-232.593155 -206.919128 -45.373444 
-232.593155 -206.919128 -45.373444 
-232.593155 -206.919128 -45.373444 
-232.593155 -206.919128 -45.373444 
-232.593155 -206.919128 -45.373444 
-232.593155 -206.919128 -45.373444 
-232.593155 -206.919128 -45.373444 
-232.593155 -206.919128 -45.373444 
-232.593155 -206.919128 -45.373444 
-232.593155 -206.919128 -45.373444 
-232.593155 -206.919128 -45.373444 
-232.593155 -206.919128 -45.373444 
-232.593155 -206.919128 -45.373444 
-232.593155 -206.919128 -45.373444 
-232.593155 -206.919128 -45.373444 
-232.593155 -206.919128 -45.373444 
-232.593155 -206.919128 -45.373444 
-232.593155 -206.919128 -45.373444 
-232.593155 -206.919128 -45.373444 
-232.593155 -206.919128 -45.373444 
-232.593155 -206.919128 -45.373444 
-232.593155 -206.919128 -45.373444 
-232.593155 -206.919128 -45.373444 
-232.593155 -206.919128 -45.373444 
-232.593155 -206.919128 -45.373444 
-232.593155 -206.919128 -45.373444 
-232.593155 -206.919128 -45.373444 
-232.593155 -206.919128 -45.373444 
-232.593155 -206.919128 -45.373444 
-232.593155 -206.919128 -45.373444 
-232.593155 -206.919128 -45.373444 
-232.593155 -206.919128 -45.373444 
-232.593155 -206.919128 -45.373444 
-232.593155 -206.919128 -45.373444 
-232.593155 -206.919128 -45.373444 
-232.593155 -206.919128 -45.373444 
-232.593155 -206.919128 -45.373444 
-232.593155 -206.919128 -45.373444 
-232.593155 -206.919128 -45.373444 
-232.593155 -206.919128 -45.373444 
-232.593155 -206.919128 -45.373444 
-232.593155 -206.919128 -45.373444 
-232.593155 -206.919128 -45.373444 
-232.593155 -206.919128 -45.373444 
-232.593155 -206.919128 -45.373444 
-232.593155 -206.919128 -45.373444 
-232.593155 -206.919128 -45.373444 
-232.593155 -206.919128 -45.373444 
-232.593155 -206.919128 -45.373444 
-232.593155 -206.919128 -45.373444 
-232.593155 -206.919128 -45.373444 
-232.593155 -206.919128 -45.373444 
-232.593155 -206.919128 -45.373444 
-232.593155 -206.919128 -45.373444 
-232.593155 -206.919128 -45.373444 
-232.593155 -206.919128 -45.373444 
-232.593155 -206.919128 -45.373444 
-232.593155 -206.919128 -45.373444 
-232.593155 -206.919128 -45.373444 
-232.593155 -206.919128 -45.373444 
-232.593155 -206.919128 -45.373444 
-232.593155 -206.919128 -45.373444 
-232.593155 -206.919128 -45.373444 
-232.593155 -206.919128 -45.373444 
-232.593155 -206.919128 -45.373444 
-232.593155 -206.919128 -45.373444 
-232.593155 -206.919128 -45.373444 
-232.593155 -206.919128 -45.373444 
-232.593155 -206.919128 -45.373444 
-232.593155 -206.919128 -45.373444 
-232.593155 -206.919128 -45.373444 
-232.593155 -206.919128 -45.373444 
-232.593155 -206.919128 -45.373444 
-232.593155 -206.919128 -45.373444 
-232.593155 -206.919128 -45.373444 
-232.593155 -206.919128 -45.373444 
-232.593155 -206.919128 -45.373444 
-232.593155 -206.919128 -45.373444 
-232.593155 -206.919128 -45.373444 
-232.593155 -206.919128 -45.373444 
-232.593155 -206.919128 -45.373444 
-232.593155 -206.919128 -45.373444 
-232.593155 -206.919128 -45.373444 
-232.593155 -206.919128 -45.373444 
-232.593155 -206.919128 -45.373444 
-232.593155 -206.919128 -45.373444 
-232.593155 -206.919128 -45.373444 
-232.593155 -206.919128 -45.373444 
-232.593155 -206.919128 -45.373444 
-232.593155 -206.919128 -45.373444 
-232.593155 -206.919128 -45.373444 
-232.593155 -206.919128 -45.373444 
-232.593155 -206.919128 -45.373444 
-232.593155 -206.919128 -45.373444 
-232.593155 -206.919128 -45.373444 
-232.593155 -206.919128 -45.373444 
-232.593155 -206.919128 -45.373444 
-232.593155 -206.919128 -45.373444 
-232.593155 -206.919128 -45.373444 
-232.593155 -206.919128 -45.373444 
-232.593155 -206.919128 -45.373444 
-232.593155 -206.919128 -45.373444 
-232.593155 -206.919128 -45.373444 
-232.593155 -206.919128 -45.373444 
-232.593155 -206.919128 -45.373444 
-232.593155 -206.919128 -45.373444 
-232.593155 -206.919128 -45.373444 
-232.593155 -206.919128 -45.373444 
-232.593155 -206.919128 -45.373444 
-232.593155 -206.919128 -45.373444 
-232.593155 -206.919128 -45.373444 
-232.593155 -206.919128 -45.373444 
-232.593155 -206.919128 -45.373444 
-232.593155 -206.919128 -45.373444 
-232.593155 -206.919128 -45.373444 
-232.593155 -206.919128 -45.373444 
-232.593155 -206.919128 -45.373444 
-232.593155 -206.919128 -45.373444 
-232.593155 -206.919128 -45.373444 
-232.593155 -206.919128 -45.373444 
-232.593155 -206.919128 -45.373444 
-232.593155 -206.919128 -45.373444 
-232.593155 -206.919128 -45.373444 
-232.593155 -206.919128 -45.373444 
-232.593155 -206.919128 -45.373444 
-232.593155 -206.919128 -45.373444 
-232.593155 -206.919128 -45.373444 
-232.593155 -206.919128 -45.373444 
-232.593155 -206.919128 -45.373444 
-232.593155 -206.919128 -45.373444 
-232.593155 -206.919128 -45.373444 
-232.593155 -206.919128 -45.373444 
-232.593155 -206.919128 -45.373444 
-232.593155 -206.919128 -45.373444 
-232.593155 -206.919128 -45.373444 
-232.593155 -206.919128 -45.373444 
-232.593155 -206.919128 -45.373444 
-232.593155 -206.919128 -45.373444 
-232.593155 -206.919128 -45.373444 
-232.593155 -206.919128 -45.373444 
-232.593155 -206.919128 -45.373444 
-232.593155 -206.919128 -45.373444 
-232.593155 -206.919128 -45.373444 
-232.593155 -206.919128 -45.373444 
-232.593155 -206.919128 -45.373444 
-232.593155 -206.919128 -45.373444 
-232.593155 -206.919128 -45.373444 
-232.593155 -206.919128 -45.373444 
-232.593155 -206.919128 -45.373444 
-232.593155 -206.919128 -45.373444 
-232.593155 -206.919128 -45.373444 
-232.593155 -206.919128 -45.373444 
-232.593155 -206.919128 -45.373444 
-232.593155 -206.919128 -45.373444 
-232.593155 -206.919128 -45.373444 
-232.593155 -206.919128 -45.373444 
-232.593155 -206.919128 -45.373444 
-232.593155 -206.919128 -45.373444 
-232.593155 -206.919128 -45.373444 
-232.593155 -206.919128 -45.373444 
-232.593155 -206.919128 -45.373444 
-232.593155 -206.919128 -45.373444 
-232.593155 -206.919128 -45.373444 
-232.593155 -206.919128 -45.373444 
-232.593155 -206.919128 -45.373444 
-232.593155 -206.919128 -45.373444 
-232.593155 -206.919128 -45.373444 
-232.593155 -206.919128 -45.373444 
-232.593155 -206.919128 -45.373444 
-232.593155 -206.919128 -45.373444 
-232.593155 -206.919128 -45.373444 
-232.593155 -206.919128 -45.373444 
-232.593155 -206.919128 -45.373444 
-232.593155 -206.919128 -45.373444 
-232.593155 -206.919128 -45.373444 
-232.593155 -206.919128 -45.373444 
-232.593155 -206.919128 -45.373444 
-232.593155 -206.919128 -45.373444 
-232.593155 -206.919128 -45.373444 
-232.593155 -206.919128 -45.373444 
-232.593155 -206.919128 -45.373444 
-232.593155 -206.919128 -45.373444 
-232.593155 -206.919128 -45.373444 
-232.593155 -206.919128 -45.373444 
-232.593155 -206.919128 -45.373444 
-232.593155 -206.919128 -45.373444 
-232.593155 -206.919128 -45.373444 
-232.593155 -206.919128 -45.373444 
-232.593155 -206.919128 -45.373444 
-232.593155 -206.919128 -45.373444 
-232.593155 -206.919128 -45.373444 
-232.593155 -206.919128 -45.373444 
-232.593155 -206.919128 -45.373444 
-232.593155 -206.919128 -45.373444 
-232.593155 -206.919128 -45.373444 
-232.593155 -206.919128 -45.373444 
-232.593155 -206.919128 -45.373444 
-232.593155 -206.919128 -45.373444 
-232.593155 -206.919128 -45.373444 
-232.593155 -206.919128 -45.373444 
-232.593155 -206.919128 -45.373444 
-232.593155 -206.919128 -45.373444 
-232.593155 -206.919128 -45.373444 
-232.593155 -206.919128 -45.373444 
-232.593155 -206.919128 -45.373444 
-232.593155 -206.919128 -45.373444 
-232.593155 -206.919128 -45.373444 
-232.593155 -206.919128 -45.373444 
-232.593155 -206.919128 -45.373444 
-232.593155 -206.919128 -45.373444 
-232.593155 -206.919128 -45.373444 
-232.593155 -206.919128 -45.373444 
-232.593155 -206.919128 -45.373444 
-232.593155 -206.919128 -45.373444 
-232.593155 -206.919128 -45.373444 
-232.593155 -206.919128 -45.373444 
-232.593155 -206.919128 -45.373444 
-232.593155 -206.919128 -45.373444 
-232.593155 -206.919128 -45.373444 
-232.593155 -206.919128 -45.373444 
-232.593155 -206.919128 -45.373444 
-232.593155 -206.919128 -45.373444 
-232.593155 -206.919128 -45.373444 
-232.593155 -206.919128 -45.373444 
-232.593155 -206.919128 -45.373444 
-232.593155 -206.919128 -45.373444 
-232.593155 -206.919128 -45.373444 
-232.593155 -206.919128 -45.373444 
-232.593155 -206.919128 -45.373444 
-232.593155 -206.919128 -45.373444 
-232.593155 -206.919128 -45.373444 
-232.593155 -206.919128 -45.373444 
-232.593155 -206.919128 -45.373444 
-232.593155 -206.919128 -45.373444 
-232.593155 -206.919128 -45.373444 
-232.593155 -206.919128 -45.373444 
-232.593155 -206.919128 -45.373444 
-232.593155 -206.919128 -45.373444 
-232.593155 -206.919128 -45.373444 
-232.593155 -206.919128 -45.373444 
-232.593155 -206.919128 -45.373444 
-232.593155 -206.919128 -45.373444 
-232.593155 -206.919128 -45.373444 
-232.593155 -206.919128 -45.373444 
-232.593155 -206.919128 -45.373444 
-232.593155 -206.919128 -45.373444 
-232.593155 -206.919128 -45.373444 
-232.593155 -206.919128 -45.373444 
-232.593155 -206.919128 -45.373444 
-232.593155 -206.919128 -45.373444 
-232.593155 -206.919128 -45.373444 
-232.593155 -206.919128 -45.373444 
-232.593155 -206.919128 -45.373444 
-232.593155 -206.919128 -45.373444 
-232.593155 -206.919128 -45.373444 
-232.593155 -206.919128 -45.373444 
-232.593155 -206.919128 -45.373444 
-232.593155 -206.919128 -45.373444 
-232.593155 -206.919128 -45.373444 
-232.593155 -206.919128 -45.373444 
-232.593155 -206.919128 -45.373444 
-232.593155 -206.919128 -45.373444 
-232.593155 -206.919128 -45.373444 
-232.593155 -206.919128 -45.373444 
-232.593155 -206.919128 -45.373444 
-232.593155 -206.919128 -45.373444 
-232.593155 -206.919128 -45.373444 
-232.593155 -206.919128 -45.373444 
-232.593155 -206.919128 -45.373444 
-232.593155 -206.919128 -45.373444 
-232.593155 -206.919128 -45.373444 
-232.593155 -206.919128 -45.373444 
-232.593155 -206.919128 -45.373444 
-232.593155 -206.919128 -45.373444 
-232.593155 -206.919128 -45.373444 
-232.593155 -206.919128 -45.373444 
-232.593155 -206.919128 -45.373444 
-232.593155 -206.919128 -45.373444 
-232.593155 -206.919128 -45.373444 
-232.593155 -206.919128 -45.373444 
-232.593155 -206.919128 -45.373444 
-232.593155 -206.919128 -45.373444 
-232.593155 -206.919128 -45.373444 
-232.593155 -206.919128 -45.373444 
-232.593155 -206.919128 -45.373444 
-232.593155 -206.919128 -45.373444 
-232.593155 -206.919128 -45.373444 
-232.593155 -206.919128 -45.373444 
-232.593155 -206.919128 -45.373444 
-232.593155 -206.919128 -45.373444 
-232.593155 -206.919128 -45.373444 
-232.593155 -206.919128 -45.373444 
-232.593155 -206.919128 -45.373444 
-232.593155 -206.919128 -45.373444 
-232.593155 -206.919128 -45.373444 
-232.593155 -206.919128 -45.373444 
-232.593155 -206.919128 -45.373444 
-232.593155 -206.919128 -45.373444 
-232.593155 -206.919128 -45.373444 
-232.593155 -206.919128 -45.373444 
-232.593155 -206.919128 -45.373444 
-232.593155 -206.919128 -45.373444 
-232.593155 -206.919128 -45.373444 
-232.593155 -206.919128 -45.373444 
-232.593155 -206.919128 -45.373444 
-232.593155 -206.919128 -45.373444 
-232.593155 -206.919128 -45.373444 
-232.593155 -206.919128 -45.373444 
-232.593155 -206.919128 -45.373444 
-232.593155 -206.919128 -45.373444 
-232.593155 -206.919128 -45.373444 
-232.593155 -206.919128 -45.373444 
-232.593155 -206.919128 -45.373444 
-232.593155 -206.919128 -45.373444 
-232.593155 -206.919128 -45.373444 
-232.593155 -206.919128 -45.373444 
-232.593155 -206.919128 -45.373444 
-232.593155 -206.919128 -45.373444 
-232.593155 -206.919128 -45.373444 
-232.593155 -206.919128 -45.373444 
-232.593155 -206.919128 -45.373444 
-232.593155 -206.919128 -45.373444 
-232.593155 -206.919128 -45.373444 
-232.593155 -206.919128 -45.373444 
-232.593155 -206.919128 -45.373444 
-232.593155 -206.919128 -45.373444 
-232.593155 -206.919128 -45.373444 
-232.593155 -206.919128 -45.373444 
-232.593155 -206.919128 -45.373444 
-232.593155 -206.919128 -45.373444 
-232.593155 -206.919128 -45.373444 
-232.593155 -206.919128 -45.373444 
-232.593155 -206.919128 -45.373444 
-232.593155 -206.919128 -45.373444 
-232.593155 -206.919128 -45.373444 
-232.593155 -206.919128 -45.373444 
-232.593155 -206.919128 -45.373444 
-232.593155 -206.919128 -45.373444 
-232.593155 -206.919128 -45.373444 
-232.593155 -206.919128 -45.373444 
-232.593155 -206.919128 -45.373444 
-232.593155 -206.919128 -45.373444 
-232.593155 -206.919128 -45.373444 
-232.593155 -206.919128 -45.373444 
-232.593155 -206.919128 -45.373444 
-232.593155 -206.919128 -45.373444 
-232.593155 -206.919128 -45.373444 
-232.593155 -206.919128 -45.373444 
-232.593155 -206.919128 -45.373444 
-232.593155 -206.919128 -45.373444 
-232.593155 -206.919128 -45.373444 
-232.593155 -206.919128 -45.373444 
-232.593155 -206.919128 -45.373444 
-232.593155 -206.919128 -45.373444 
-232.593155 -206.919128 -45.373444 
-232.593155 -206.919128 -45.373444 
-232.593155 -206.919128 -45.373444 
-232.593155 -206.919128 -45.373444 
-232.593155 -206.919128 -45.373444 
-232.593155 -206.919128 -45.373444 
-232.593155 -206.919128 -45.373444 
-232.593155 -206.919128 -45.373444 
-232.593155 -206.919128 -45.373444 
-232.593155 -206.919128 -45.373444 
-232.593155 -206.919128 -45.373444 
-232.593155 -206.919128 -45.373444 
-232.593155 -206.919128 -45.373444 
-232.593155 -206.919128 -45.373444 
-232.593155 -206.919128 -45.373444 
-232.593155 -206.919128 -45.373444 
-232.593155 -206.919128 -45.373444 
-232.593155 -206.919128 -45.373444 
-232.593155 -206.919128 -45.373444 
-232.593155 -206.919128 -45.373444 
-232.593155 -206.919128 -45.373444 
-232.593155 -206.919128 -45.373444 
-232.593155 -206.919128 -45.373444 
-232.593155 -206.919128 -45.373444 
-232.593155 -206.919128 -45.373444 
-232.593155 -206.919128 -45.373444 
-232.593155 -206.919128 -45.373444 
-232.593155 -206.919128 -45.373444 
-232.593155 -206.919128 -45.373444 
-232.593155 -206.919128 -45.373444 
-232.593155 -206.919128 -45.373444 
-232.593155 -206.919128 -45.373444 
-232.593155 -206.919128 -45.373444 
-232.593155 -206.919128 -45.373444 
-232.593155 -206.919128 -45.373444 
-232.593155 -206.919128 -45.373444 
-232.593155 -206.919128 -45.373444 
-232.593155 -206.919128 -45.373444 
-232.593155 -206.919128 -45.373444 
-232.593155 -206.919128 -45.373444 
-232.593155 -206.919128 -45.373444 
-232.593155 -206.919128 -45.373444 
-232.593155 -206.919128 -45.373444 
-232.593155 -206.919128 -45.373444 
-232.593155 -206.919128 -45.373444 
-232.593155 -206.919128 -45.373444 
-232.593155 -206.919128 -45.373444 
-232.593155 -206.919128 -45.373444 
-232.593155 -206.919128 -45.373444 
-232.593155 -206.919128 -45.373444 
-232.593155 -206.919128 -45.373444 
-232.593155 -206.919128 -45.373444 
-232.593155 -206.919128 -45.373444 
-232.593155 -206.919128 -45.373444 
-232.593155 -206.919128 -45.373444 
-232.593155 -206.919128 -45.373444 
-232.593155 -206.919128 -45.373444 
-232.593155 -206.919128 -45.373444 
-232.593155 -206.919128 -45.373444 
-232.593155 -206.919128 -45.373444 
-232.593155 -206.919128 -45.373444 
-232.593155 -206.919128 -45.373444 
-232.593155 -206.919128 -45.373444 
-232.593155 -206.919128 -45.373444 
-232.593155 -206.919128 -45.373444 
-232.593155 -206.919128 -45.373444 
-232.593155 -206.919128 -45.373444 
-232.593155 -206.919128 -45.373444 
-232.593155 -206.919128 -45.373444 
-232.593155 -206.919128 -45.373444 
-232.593155 -206.919128 -45.373444 
-232.593155 -206.919128 -45.373444 
-232.593155 -206.919128 -45.373444 
-232.593155 -206.919128 -45.373444 
-232.593155 -206.919128 -45.373444 
-232.593155 -206.919128 -45.373444 
-232.593155 -206.919128 -45.373444 
-232.593155 -206.919128 -45.373444 
-232.593155 -206.919128 -45.373444 
-232.593155 -206.919128 -45.373444 
-232.593155 -206.919128 -45.373444 
-232.593155 -206.919128 -45.373444 
-232.593155 -206.919128 -45.373444 
-232.593155 -206.919128 -45.373444 
-232.593155 -206.919128 -45.373444 
-232.593155 -206.919128 -45.373444 
-232.593155 -206.919128 -45.373444 
-232.593155 -206.919128 -45.373444 
-232.593155 -206.919128 -45.373444 
-232.593155 -206.919128 -45.373444 
-232.593155 -206.919128 -45.373444 
-232.593155 -206.919128 -45.373444 
-232.593155 -206.919128 -45.373444 
-232.593155 -206.919128 -45.373444 
-232.593155 -206.919128 -45.373444 
-232.593155 -206.919128 -45.373444 
-232.593155 -206.919128 -45.373444 
-232.593155 -206.919128 -45.373444 
-232.593155 -206.919128 -45.373444 
-232.593155 -206.919128 -45.373444 
-232.593155 -206.919128 -45.373444 
-232.593155 -206.919128 -45.373444 
-232.593155 -206.919128 -45.373444 
-232.593155 -206.919128 -45.373444 
-232.593155 -206.919128 -45.373444 
-232.593155 -206.919128 -45.373444 
-232.593155 -206.919128 -45.373444 
-232.593155 -206.919128 -45.373444 
-232.593155 -206.919128 -45.373444 
-232.593155 -206.919128 -45.373444 
-232.593155 -206.919128 -45.373444 
-232.593155 -206.919128 -45.373444 
-232.593155 -206.919128 -45.373444 
