3.080745 1.365277 -8.996922 
3.035121 1.699365 1.450975 
2.999199 1.934037 1.704183 
2.971185 2.163210 1.938730 
2.950697 2.387716 2.167891 
2.937383 2.608218 2.392411 
2.930924 2.825328 2.612967 
2.931025 3.039615 2.830182 
2.937417 3.251603 3.044633 
2.949853 3.461779 3.256856 
2.968109 3.670597 3.467346 
2.991979 3.878474 3.676565 
3.021276 4.085800 3.884939 
3.055827 4.292936 4.092865 
3.095478 4.500216 4.300713 
3.140087 4.707952 4.508822 
3.189525 4.916428 4.717513 
3.243675 5.125911 4.927079 
3.302433 5.336646 5.137794 
3.365701 5.548857 5.349909 
3.433394 5.762751 5.563659 
3.505434 5.978515 5.779256 
3.581749 6.196320 5.996898 
3.662277 6.416321 6.216763 
3.746961 6.638655 6.439016 
3.835747 6.863444 6.663803 
3.928589 7.090795 6.891254 
4.025445 7.320798 7.121487 
4.126275 7.553530 7.354601 
4.231044 7.789053 7.590683 
4.339718 8.027413 7.829804 
4.452268 8.268643 8.072022 
4.568662 8.512761 8.317379 
4.688874 8.759771 8.565904 
4.812875 9.009664 8.817611 
4.940639 9.262414 9.072501 
5.072139 9.517984 9.330561 
5.207347 9.776323 9.591763 
5.346234 10.037365 9.856065 
5.488770 10.301029 10.123413 
5.634924 10.567225 10.393736 
5.784662 10.835844 10.666952 
5.937949 11.106769 10.942965 
6.094746 11.379866 11.221663 
6.255011 11.654991 11.502923 
6.418699 11.931987 11.786610 
6.585763 12.210684 12.072572 
6.756150 12.490902 12.360647 
6.929805 12.772448 12.650663 
7.106667 13.055119 12.942430 
7.286671 13.338701 13.235752 
7.469749 13.622973 13.530418 
7.655828 13.907703 13.826209 
7.844828 14.192651 14.122895 
8.036667 14.477569 14.420237 
8.231256 14.762203 14.717987 
8.428500 15.046294 15.015889 
8.628304 15.329576 15.313682 
8.830562 15.611783 15.611094 
9.035168 15.892641 15.907856 
9.242007 16.171877 16.203686 
9.450963 16.449219 16.498302 
9.661913 16.724392 16.791426 
9.874730 16.997124 17.082767 
10.089283 17.267143 17.372047 
10.305437 17.534187 17.658978 
10.523053 17.797993 17.943281 
10.741989 18.058306 18.224680 
10.962099 18.314878 18.502901 
11.183234 18.567469 18.777681 
11.405244 18.815847 19.048758 
11.627975 19.059795 19.315880 
11.851272 19.299101 19.578810 
12.074978 19.533567 19.837311 
12.298936 19.763010 20.091166 
12.522987 19.987257 20.340166 
12.746974 20.206150 20.584114 
12.970737 20.419548 20.822830 
13.194120 20.627325 21.056147 
13.416966 20.829367 21.283913 
13.639120 21.025578 21.505989 
13.860430 21.215878 21.722256 
14.080744 21.400204 21.932608 
14.299915 21.578506 22.136959 
14.517799 21.750753 22.335234 
14.734255 21.916929 22.527376 
14.949145 22.077032 22.713350 
15.162337 22.231077 22.893129 
15.373703 22.379091 23.066710 
15.583118 22.521118 23.234095 
15.790465 22.657213 23.395309 
15.995630 22.787443 23.550390 
16.198505 22.911892 23.699389 
16.398991 23.030649 23.842367 
16.596989 23.143818 23.979404 
16.792408 23.251511 24.110586 
16.985167 23.353848 24.236013 
17.175186 23.450956 24.355793 
17.362396 23.542973 24.470043 
17.546730 23.630039 24.578890 
17.728130 23.712303 24.682467 
17.906542 23.789915 24.780912 
18.081919 23.863029 24.874374 
18.254219 23.931803 24.962997 
18.423410 23.996397 25.046940 
18.589460 24.056973 25.126354 
18.752346 24.113689 25.201405 
18.912050 24.166710 25.272245 
19.068560 24.216194 25.339041 
19.221867 24.262302 25.401951 
19.371967 24.305191 25.461136 
19.518864 24.345015 25.516758 
19.662561 24.381926 25.568970 
19.803072 24.416075 25.617929 
19.940411 24.447607 25.663792 
20.074594 24.476664 25.706705 
20.205647 24.503382 25.746817 
20.333591 24.527895 25.784267 
20.458456 24.550333 25.819195 
20.580275 24.570820 25.851738 
20.699080 24.589476 25.882025 
20.814907 24.606415 25.910181 
20.927795 24.621750 25.936331 
21.037786 24.635584 25.960588 
21.144924 24.648018 25.983067 
21.249250 24.659149 26.003874 
21.350813 24.669067 26.023113 
21.449657 24.677860 26.040882 
21.545832 24.685610 26.057272 
21.639385 24.692394 26.072376 
21.730368 24.698286 26.086275 
21.818830 24.703356 26.099052 
21.904823 24.707666 26.110783 
21.988398 24.711281 26.121536 
22.069605 24.714256 26.131382 
22.148499 24.716648 26.140383 
22.225128 24.718506 26.148603 
22.299547 24.719875 26.156097 
22.371805 24.720802 26.162914 
22.441956 24.721327 26.169111 
22.510048 24.721487 26.174730 
22.576132 24.721319 26.179815 
22.640259 24.720858 26.184408 
22.702478 24.720131 26.188549 
22.762838 24.719168 26.192274 
22.821386 24.717995 26.195612 
22.878172 24.716637 26.198597 
22.933241 24.715115 26.201260 
22.986639 24.713449 26.203625 
23.038412 24.711660 26.205717 
23.088604 24.709764 26.207560 
23.137260 24.707777 26.209175 
23.184422 24.705711 26.210583 
23.230131 24.703583 26.211800 
23.274429 24.701403 26.212843 
23.317356 24.699181 26.213730 
23.358952 24.696928 26.214474 
23.399254 24.694654 26.215088 
23.438301 24.692368 26.215586 
23.476130 24.690073 26.215981 
23.512775 24.687778 26.216276 
23.548273 24.685490 26.216488 
23.582657 24.683212 26.216621 
23.615959 24.680952 26.216688 
23.648214 24.678711 26.216694 
23.679453 24.676493 26.216642 
23.709705 24.674301 26.216543 
23.739002 24.672140 26.216400 
23.767372 24.670012 26.216221 
23.794844 24.667915 26.216007 
23.821444 24.665855 26.215765 
23.847198 24.663834 26.215496 
23.872135 24.661850 26.215208 
23.896278 24.659904 26.214901 
23.919653 24.658001 26.214577 
23.942284 24.656137 26.214241 
23.964193 24.654316 26.213894 
23.985403 24.652534 26.213539 
24.005936 24.650795 26.213177 
24.025812 24.649097 26.212811 
24.045053 24.647442 26.212440 
24.063679 24.645826 26.212069 
24.081709 24.644253 26.211697 
24.099161 24.642719 26.211325 
24.116055 24.641226 26.210953 
24.132406 24.639772 26.210585 
24.148233 24.638359 26.210218 
24.163553 24.636984 26.209858 
24.178381 24.635647 26.209501 
24.192732 24.634346 26.209148 
24.206623 24.633083 26.208801 
24.220068 24.631855 26.208460 
24.233080 24.630663 26.208124 
24.245674 24.629505 26.207794 
24.257864 24.628380 26.207472 
24.269661 24.627289 26.207155 
24.281078 24.626228 26.206844 
24.292130 24.625200 26.206541 
24.302824 24.624203 26.206244 
24.313175 24.623236 26.205954 
24.323193 24.622297 26.205671 
24.332888 24.621387 26.205397 
24.342270 24.620504 26.205128 
24.351351 24.619648 26.204865 
24.360138 24.618818 26.204609 
24.368643 24.618013 26.204359 
24.376873 24.617233 26.204117 
24.384838 24.616478 26.203880 
24.392546 24.615746 26.203651 
24.400005 24.615036 26.203426 
24.407225 24.614349 26.203209 
24.414211 24.613684 26.202999 
24.420973 24.613039 26.202795 
24.427515 24.612413 26.202597 
24.433847 24.611809 26.202402 
24.439976 24.611223 26.202215 
24.445906 24.610655 26.202034 
24.451645 24.610106 26.201857 
24.457199 24.609573 26.201687 
24.462574 24.609058 26.201521 
24.467775 24.608559 26.201361 
24.472809 24.608074 26.201202 
24.477680 24.607607 26.201050 
24.482393 24.607153 26.200905 
24.486954 24.606714 26.200760 
24.491367 24.606289 26.200623 
24.495640 24.605877 26.200487 
24.499773 24.605478 26.200357 
24.503773 24.605093 26.200232 
24.507645 24.604719 26.200109 
24.511391 24.604359 26.199991 
24.515017 24.604010 26.199877 
24.518524 24.603672 26.199766 
24.521919 24.603344 26.199661 
24.525206 24.603027 26.199556 
24.528385 24.602720 26.199455 
24.531462 24.602423 26.199358 
24.534439 24.602135 26.199263 
24.537321 24.601856 26.199171 
24.540110 24.601587 26.199083 
24.542809 24.601326 26.198997 
24.545420 24.601074 26.198914 
24.547947 24.600830 26.198833 
24.550392 24.600594 26.198755 
24.552759 24.600365 26.198681 
24.555050 24.600143 26.198606 
24.557266 24.599930 26.198536 
24.559410 24.599722 26.198469 
24.561485 24.599522 26.198402 
24.563494 24.599327 26.198339 
24.565437 24.599138 26.198277 
24.567318 24.598957 26.198215 
24.569138 24.598782 26.198158 
24.570898 24.598612 26.198103 
24.572603 24.598448 26.198050 
24.574253 24.598288 26.197996 
24.575850 24.598133 26.197945 
24.577394 24.597984 26.197895 
24.578890 24.597839 26.197849 
24.580336 24.597700 26.197802 
24.581736 24.597565 26.197758 
24.583090 24.597433 26.197714 
24.584400 24.597305 26.197672 
24.585669 24.597183 26.197630 
24.586897 24.597065 26.197592 
24.588085 24.596951 26.197556 
24.589235 24.596840 26.197519 
24.590347 24.596731 26.197483 
24.591423 24.596626 26.197449 
24.592464 24.596525 26.197414 
24.593472 24.596428 26.197382 
24.594446 24.596333 26.197350 
24.595390 24.596241 26.197319 
24.596304 24.596153 26.197290 
24.597187 24.596067 26.197262 
24.598043 24.595985 26.197235 
24.598871 24.595905 26.197208 
24.599672 24.595827 26.197184 
24.600447 24.595753 26.197157 
24.601196 24.595680 26.197134 
24.601923 24.595610 26.197111 
24.602625 24.595541 26.197088 
24.603304 24.595474 26.197065 
24.603962 24.595411 26.197044 
24.604599 24.595350 26.197023 
24.605215 24.595291 26.197004 
24.605812 24.595234 26.196987 
24.606390 24.595179 26.196968 
24.606949 24.595125 26.196951 
24.607489 24.595072 26.196936 
24.608011 24.595020 26.196917 
24.608517 24.594971 26.196899 
24.609007 24.594923 26.196882 
24.609480 24.594877 26.196867 
24.609938 24.594833 26.196854 
24.610382 24.594790 26.196838 
24.610811 24.594748 26.196825 
24.611227 24.594707 26.196812 
24.611629 24.594669 26.196798 
24.612019 24.594631 26.196787 
24.612394 24.594595 26.196774 
24.612759 24.594559 26.196762 
24.613111 24.594524 26.196751 
24.613453 24.594492 26.196739 
24.613783 24.594460 26.196730 
24.614103 24.594429 26.196718 
24.614412 24.594398 26.196709 
24.614712 24.594370 26.196699 
24.615002 24.594341 26.196690 
24.615282 24.594315 26.196680 
24.615553 24.594288 26.196672 
24.615816 24.594263 26.196663 
24.616070 24.594238 26.196655 
24.616316 24.594215 26.196648 
24.616554 24.594193 26.196640 
24.616785 24.594170 26.196634 
24.617008 24.594149 26.196627 
24.617224 24.594128 26.196619 
24.617432 24.594107 26.196613 
24.617634 24.594088 26.196606 
24.617828 24.594069 26.196600 
24.618017 24.594049 26.196594 
24.618200 24.594032 26.196587 
24.618378 24.594015 26.196583 
24.618549 24.593998 26.196575 
24.618715 24.593983 26.196571 
24.618876 24.593967 26.196566 
24.619030 24.593952 26.196562 
24.619181 24.593937 26.196556 
24.619326 24.593924 26.196550 
24.619467 24.593910 26.196547 
24.619602 24.593897 26.196543 
24.619734 24.593884 26.196539 
24.619862 24.593872 26.196533 
24.619986 24.593861 26.196531 
24.620106 24.593849 26.196527 
24.620222 24.593838 26.196524 
24.620335 24.593826 26.196520 
24.620443 24.593815 26.196516 
24.620548 24.593805 26.196512 
24.620649 24.593796 26.196510 
24.620747 24.593786 26.196507 
24.620842 24.593777 26.196503 
24.620934 24.593767 26.196501 
24.621021 24.593758 26.196497 
24.621107 24.593750 26.196493 
24.621191 24.593742 26.196491 
24.621271 24.593735 26.196489 
24.621349 24.593727 26.196486 
24.621424 24.593719 26.196484 
24.621496 24.593712 26.196482 
24.621567 24.593704 26.196478 
24.621635 24.593699 26.196476 
24.621702 24.593693 26.196474 
24.621765 24.593687 26.196472 
24.621826 24.593681 26.196470 
24.621885 24.593676 26.196470 
24.621943 24.593670 26.196468 
24.621998 24.593664 26.196465 
24.622051 24.593658 26.196463 
24.622105 24.593653 26.196461 
24.622156 24.593647 26.196459 
24.622206 24.593643 26.196457 
24.622253 24.593639 26.196457 
24.622299 24.593636 26.196455 
24.622343 24.593632 26.196455 
24.622387 24.593628 26.196453 
24.622429 24.593624 26.196453 
24.622469 24.593620 26.196451 
24.622509 24.593616 26.196451 
24.622547 24.593613 26.196449 
24.622583 24.593609 26.196447 
24.622620 24.593605 26.196447 
24.622654 24.593601 26.196445 
24.622686 24.593597 26.196444 
24.622719 24.593594 26.196442 
24.622749 24.593590 26.196440 
24.622780 24.593588 26.196438 
24.622808 24.593586 26.196438 
24.622837 24.593584 26.196438 
24.622864 24.593582 26.196438 
24.622890 24.593580 26.196438 
24.622915 24.593578 26.196438 
24.622940 24.593576 26.196438 
24.622965 24.593575 26.196438 
24.622988 24.593573 26.196438 
24.623011 24.593571 26.196438 
24.623032 24.593569 26.196438 
24.623053 24.593567 26.196436 
24.623074 24.593565 26.196436 
24.623093 24.593563 26.196436 
24.623112 24.593561 26.196434 
24.623131 24.593559 26.196434 
24.623148 24.593557 26.196434 
24.623165 24.593555 26.196432 
24.623182 24.593554 26.196432 
24.623198 24.593552 26.196430 
24.623213 24.593550 26.196430 
24.623228 24.593548 26.196430 
24.623243 24.593546 26.196428 
24.623257 24.593544 26.196426 
24.623270 24.593542 26.196426 
24.623283 24.593540 26.196424 
24.623297 24.593538 26.196424 
24.623308 24.593536 26.196423 
24.623320 24.593534 26.196423 
24.623331 24.593533 26.196421 
24.623343 24.593533 26.196419 
24.623354 24.593533 26.196421 
24.623365 24.593533 26.196421 
24.623375 24.593533 26.196423 
24.623384 24.593531 26.196423 
24.623394 24.593529 26.196421 
24.623404 24.593529 26.196419 
24.623413 24.593529 26.196421 
24.623423 24.593529 26.196421 
24.623430 24.593529 26.196423 
24.623438 24.593527 26.196423 
24.623446 24.593527 26.196421 
24.623453 24.593527 26.196423 
24.623461 24.593525 26.196423 
24.623468 24.593523 26.196421 
24.623476 24.593523 26.196419 
24.623484 24.593523 26.196419 
24.623489 24.593523 26.196421 
24.623495 24.593523 26.196421 
24.623501 24.593523 26.196421 
24.623507 24.593523 26.196421 
24.623512 24.593523 26.196423 
24.623518 24.593521 26.196423 
24.623524 24.593519 26.196421 
24.623529 24.593519 26.196419 
24.623535 24.593519 26.196419 
24.623541 24.593519 26.196421 
24.623545 24.593519 26.196421 
24.623549 24.593519 26.196421 
24.623552 24.593519 26.196421 
24.623556 24.593519 26.196421 
24.623560 24.593519 26.196423 
24.623564 24.593517 26.196423 
24.623568 24.593517 26.196421 
24.623571 24.593517 26.196421 
24.623575 24.593517 26.196421 
24.623579 24.593517 26.196421 
24.623583 24.593517 26.196421 
24.623587 24.593517 26.196421 
24.623590 24.593517 26.196423 
24.623594 24.593517 26.196423 
24.623598 24.593517 26.196423 
24.623602 24.593517 26.196423 
24.623604 24.593517 26.196423 
24.623606 24.593517 26.196423 
24.623608 24.593517 26.196423 
24.623610 24.593517 26.196423 
24.623611 24.593515 26.196423 
24.623613 24.593515 26.196421 
24.623615 24.593515 26.196423 
24.623617 24.593515 26.196421 
24.623619 24.593515 26.196423 
24.623621 24.593515 26.196423 
24.623623 24.593515 26.196423 
24.623625 24.593515 26.196423 
24.623627 24.593515 26.196423 
24.623629 24.593515 26.196423 
24.623631 24.593515 26.196423 
24.623632 24.593515 26.196423 
24.623634 24.593515 26.196423 
24.623636 24.593515 26.196423 
24.623638 24.593515 26.196423 
24.623640 24.593515 26.196423 
24.623642 24.593515 26.196423 
24.623644 24.593515 26.196424 
24.623646 24.593513 26.196424 
24.623648 24.593512 26.196423 
24.623650 24.593512 26.196421 
24.623652 24.593512 26.196421 
24.623653 24.593512 26.196421 
24.623655 24.593512 26.196421 
24.623657 24.593512 26.196421 
24.623659 24.593512 26.196421 
24.623659 24.593512 26.196421 
24.623659 24.593512 26.196421 
24.623659 24.593512 26.196421 
24.623659 24.593512 26.196421 
24.623659 24.593512 26.196421 
24.623659 24.593512 26.196421 
24.623659 24.593512 26.196421 
24.623659 24.593512 26.196421 
24.623659 24.593512 26.196421 
24.623659 24.593512 26.196421 
24.623659 24.593512 26.196421 
24.623659 24.593512 26.196421 
24.623659 24.593512 26.196421 
24.623659 24.593512 26.196421 
24.623659 24.593512 26.196421 
24.623659 24.593512 26.196421 
24.623659 24.593512 26.196421 
24.623659 24.593512 26.196421 
24.623659 24.593512 26.196421 
24.623659 24.593512 26.196421 
24.623659 24.593512 26.196421 
24.623659 24.593512 26.196421 
24.623659 24.593512 26.196421 
24.623659 24.593512 26.196421 
24.623659 24.593512 26.196421 
24.623659 24.593512 26.196421 
24.623659 24.593512 26.196421 
24.623659 24.593512 26.196421 
24.623659 24.593512 26.196421 
24.623659 24.593512 26.196421 
24.623659 24.593512 26.196421 
24.623659 24.593512 26.196421 
24.623659 24.593512 26.196421 
24.623659 24.593512 26.196421 
24.623659 24.593512 26.196421 
24.623659 24.593512 26.196421 
24.623659 24.593512 26.196421 
24.623659 24.593512 26.196421 
24.623659 24.593512 26.196421 
24.623659 24.593512 26.196421 
24.623659 24.593512 26.196421 
24.623659 24.593512 26.196421 
24.623659 24.593512 26.196421 
24.623659 24.593512 26.196421 
24.623659 24.593512 26.196421 
24.623659 24.593512 26.196421 
24.623659 24.593512 26.196421 
24.623659 24.593512 26.196421 
24.623659 24.593512 26.196421 
24.623659 24.593512 26.196421 
24.623659 24.593512 26.196421 
24.623659 24.593512 26.196421 
24.623659 24.593512 26.196421 
24.623659 24.593512 26.196421 
24.623659 24.593512 26.196421 
24.623659 24.593512 26.196421 
24.623659 24.593512 26.196421 
24.623659 24.593512 26.196421 
24.623659 24.593512 26.196421 
24.623659 24.593512 26.196421 
24.623659 24.593512 26.196421 
24.623659 24.593512 26.196421 
24.623659 24.593512 26.196421 
24.623659 24.593512 26.196421 
24.623659 24.593512 26.196421 
24.623659 24.593512 26.196421 
24.623659 24.593512 26.196421 
24.623659 24.593512 26.196421 
24.623659 24.593512 26.196421 
24.623659 24.593512 26.196421 
24.623659 24.593512 26.196421 
24.623659 24.593512 26.196421 
24.623659 24.593512 26.196421 
24.623659 24.593512 26.196421 
24.623659 24.593512 26.196421 
24.623659 24.593512 26.196421 
24.623659 24.593512 26.196421 
24.623659 24.593512 26.196421 
24.623659 24.593512 26.196421 
24.623659 24.593512 26.196421 
24.623659 24.593512 26.196421 
24.623659 24.593512 26.196421 
24.623659 24.593512 26.196421 
24.623659 24.593512 26.196421 
24.623659 24.593512 26.196421 
24.623659 24.593512 26.196421 
24.623659 24.593512 26.196421 
24.623659 24.593512 26.196421 
24.623659 24.593512 26.196421 
24.623659 24.593512 26.196421 
24.623659 24.593512 26.196421 
24.623659 24.593512 26.196421 
24.623659 24.593512 26.196421 
24.623659 24.593512 26.196421 
24.623659 24.593512 26.196421 
24.623659 24.593512 26.196421 
24.623659 24.593512 26.196421 
24.623659 24.593512 26.196421 
24.623659 24.593512 26.196421 
24.623659 24.593512 26.196421 
24.623659 24.593512 26.196421 
24.623659 24.593512 26.196421 
24.623659 24.593512 26.196421 
24.623659 24.593512 26.196421 
24.623659 24.593512 26.196421 
24.623659 24.593512 26.196421 
24.623659 24.593512 26.196421 
24.623659 24.593512 26.196421 
24.623659 24.593512 26.196421 
24.623659 24.593512 26.196421 
24.623659 24.593512 26.196421 
24.623659 24.593512 26.196421 
24.623659 24.593512 26.196421 
24.623659 24.593512 26.196421 
24.623659 24.593512 26.196421 
24.623659 24.593512 26.196421 
24.623659 24.593512 26.196421 
24.623659 24.593512 26.196421 
24.623659 24.593512 26.196421 
24.623659 24.593512 26.196421 
24.623659 24.593512 26.196421 
24.623659 24.593512 26.196421 
24.623659 24.593512 26.196421 
24.623659 24.593512 26.196421 
24.623659 24.593512 26.196421 
24.623659 24.593512 26.196421 
24.623659 24.593512 26.196421 
24.623659 24.593512 26.196421 
24.623659 24.593512 26.196421 
24.623659 24.593512 26.196421 
24.623659 24.593512 26.196421 
24.623659 24.593512 26.196421 
24.623659 24.593512 26.196421 
24.623659 24.593512 26.196421 
24.623659 24.593512 26.196421 
24.623659 24.593512 26.196421 
24.623659 24.593512 26.196421 
24.623659 24.593512 26.196421 
24.623659 24.593512 26.196421 
24.623659 24.593512 26.196421 
24.623659 24.593512 26.196421 
24.623659 24.593512 26.196421 
24.623659 24.593512 26.196421 
24.623659 24.593512 26.196421 
24.623659 24.593512 26.196421 
24.623659 24.593512 26.196421 
24.623659 24.593512 26.196421 
24.623659 24.593512 26.196421 
24.623659 24.593512 26.196421 
24.623659 24.593512 26.196421 
24.623659 24.593512 26.196421 
24.623659 24.593512 26.196421 
24.623659 24.593512 26.196421 
24.623659 24.593512 26.196421 
24.623659 24.593512 26.196421 
24.623659 24.593512 26.196421 
24.623659 24.593512 26.196421 
24.623659 24.593512 26.196421 
24.623659 24.593512 26.196421 
24.623659 24.593512 26.196421 
24.623659 24.593512 26.196421 
24.623659 24.593512 26.196421 
24.623659 24.593512 26.196421 
24.623659 24.593512 26.196421 
24.623659 24.593512 26.196421 
24.623659 24.593512 26.196421 
24.623659 24.593512 26.196421 
24.623659 24.593512 26.196421 
24.623659 24.593512 26.196421 
24.623659 24.593512 26.196421 
24.623659 24.593512 26.196421 
24.623659 24.593512 26.196421 
24.623659 24.593512 26.196421 
24.623659 24.593512 26.196421 
24.623659 24.593512 26.196421 
24.623659 24.593512 26.196421 
24.623659 24.593512 26.196421 
24.623659 24.593512 26.196421 
24.623659 24.593512 26.196421 
24.623659 24.593512 26.196421 
24.623659 24.593512 26.196421 
24.623659 24.593512 26.196421 
24.623659 24.593512 26.196421 
24.623659 24.593512 26.196421 
24.623659 24.593512 26.196421 
24.623659 24.593512 26.196421 
24.623659 24.593512 26.196421 
24.623659 24.593512 26.196421 
24.623659 24.593512 26.196421 
24.623659 24.593512 26.196421 
24.623659 24.593512 26.196421 
24.623659 24.593512 26.196421 
24.623659 24.593512 26.196421 
24.623659 24.593512 26.196421 
24.623659 24.593512 26.196421 
24.623659 24.593512 26.196421 
24.623659 24.593512 26.196421 
24.623659 24.593512 26.196421 
24.623659 24.593512 26.196421 
24.623659 24.593512 26.196421 
24.623659 24.593512 26.196421 
24.623659 24.593512 26.196421 
24.623659 24.593512 26.196421 
24.623659 24.593512 26.196421 
24.623659 24.593512 26.196421 
24.623659 24.593512 26.196421 
24.623659 24.593512 26.196421 
24.623659 24.593512 26.196421 
24.623659 24.593512 26.196421 
24.623659 24.593512 26.196421 
24.623659 24.593512 26.196421 
24.623659 24.593512 26.196421 
24.623659 24.593512 26.196421 
24.623659 24.593512 26.196421 
24.623659 24.593512 26.196421 
24.623659 24.593512 26.196421 
24.623659 24.593512 26.196421 
24.623659 24.593512 26.196421 
24.623659 24.593512 26.196421 
24.623659 24.593512 26.196421 
24.623659 24.593512 26.196421 
24.623659 24.593512 26.196421 
24.623659 24.593512 26.196421 
24.623659 24.593512 26.196421 
24.623659 24.593512 26.196421 
24.623659 24.593512 26.196421 
24.623659 24.593512 26.196421 
24.623659 24.593512 26.196421 
24.623659 24.593512 26.196421 
24.623659 24.593512 26.196421 
24.623659 24.593512 26.196421 
24.623659 24.593512 26.196421 
24.623659 24.593512 26.196421 
24.623659 24.593512 26.196421 
24.623659 24.593512 26.196421 
24.623659 24.593512 26.196421 
24.623659 24.593512 26.196421 
24.623659 24.593512 26.196421 
24.623659 24.593512 26.196421 
24.623659 24.593512 26.196421 
24.623659 24.593512 26.196421 
24.623659 24.593512 26.196421 
24.623659 24.593512 26.196421 
24.623659 24.593512 26.196421 
24.623659 24.593512 26.196421 
24.623659 24.593512 26.196421 
24.623659 24.593512 26.196421 
24.623659 24.593512 26.196421 
24.623659 24.593512 26.196421 
24.623659 24.593512 26.196421 
24.623659 24.593512 26.196421 
24.623659 24.593512 26.196421 
24.623659 24.593512 26.196421 
24.623659 24.593512 26.196421 
24.623659 24.593512 26.196421 
24.623659 24.593512 26.196421 
24.623659 24.593512 26.196421 
24.623659 24.593512 26.196421 
24.623659 24.593512 26.196421 
24.623659 24.593512 26.196421 
24.623659 24.593512 26.196421 
24.623659 24.593512 26.196421 
24.623659 24.593512 26.196421 
24.623659 24.593512 26.196421 
24.623659 24.593512 26.196421 
24.623659 24.593512 26.196421 
24.623659 24.593512 26.196421 
24.623659 24.593512 26.196421 
24.623659 24.593512 26.196421 
24.623659 24.593512 26.196421 
24.623659 24.593512 26.196421 
24.623659 24.593512 26.196421 
24.623659 24.593512 26.196421 
24.623659 24.593512 26.196421 
24.623659 24.593512 26.196421 
24.623659 24.593512 26.196421 
24.623659 24.593512 26.196421 
24.623659 24.593512 26.196421 
24.623659 24.593512 26.196421 
24.623659 24.593512 26.196421 
24.623659 24.593512 26.196421 
24.623659 24.593512 26.196421 
24.623659 24.593512 26.196421 
24.623659 24.593512 26.196421 
24.623659 24.593512 26.196421 
24.623659 24.593512 26.196421 
24.623659 24.593512 26.196421 
24.623659 24.593512 26.196421 
24.623659 24.593512 26.196421 
24.623659 24.593512 26.196421 
24.623659 24.593512 26.196421 
24.623659 24.593512 26.196421 
24.623659 24.593512 26.196421 
24.623659 24.593512 26.196421 
24.623659 24.593512 26.196421 
24.623659 24.593512 26.196421 
24.623659 24.593512 26.196421 
24.623659 24.593512 26.196421 
24.623659 24.593512 26.196421 
24.623659 24.593512 26.196421 
24.623659 24.593512 26.196421 
24.623659 24.593512 26.196421 
24.623659 24.593512 26.196421 
24.623659 24.593512 26.196421 
24.623659 24.593512 26.196421 
24.623659 24.593512 26.196421 
24.623659 24.593512 26.196421 
24.623659 24.593512 26.196421 
24.623659 24.593512 26.196421 
24.623659 24.593512 26.196421 
24.623659 24.593512 26.196421 
24.623659 24.593512 26.196421 
24.623659 24.593512 26.196421 
24.623659 24.593512 26.196421 
24.623659 24.593512 26.196421 
24.623659 24.593512 26.196421 
24.623659 24.593512 26.196421 
24.623659 24.593512 26.196421 
24.623659 24.593512 26.196421 
24.623659 24.593512 26.196421 
24.623659 24.593512 26.196421 
24.623659 24.593512 26.196421 
24.623659 24.593512 26.196421 
24.623659 24.593512 26.196421 
24.623659 24.593512 26.196421 
24.623659 24.593512 26.196421 
24.623659 24.593512 26.196421 
24.623659 24.593512 26.196421 
24.623659 24.593512 26.196421 
24.623659 24.593512 26.196421 
24.623659 24.593512 26.196421 
24.623659 24.593512 26.196421 
24.623659 24.593512 26.196421 
24.623659 24.593512 26.196421 
24.623659 24.593512 26.196421 
24.623659 24.593512 26.196421 
24.623659 24.593512 26.196421 
24.623659 24.593512 26.196421 
24.623659 24.593512 26.196421 
24.623659 24.593512 26.196421 
24.623659 24.593512 26.196421 
24.623659 24.593512 26.196421 
24.623659 24.593512 26.196421 
24.623659 24.593512 26.196421 
24.623659 24.593512 26.196421 
24.623659 24.593512 26.196421 
24.623659 24.593512 26.196421 
24.623659 24.593512 26.196421 
24.623659 24.593512 26.196421 
24.623659 24.593512 26.196421 
24.623659 24.593512 26.196421 
24.623659 24.593512 26.196421 
24.623659 24.593512 26.196421 
24.623659 24.593512 26.196421 
24.623659 24.593512 26.196421 
24.623659 24.593512 26.196421 
24.623659 24.593512 26.196421 
24.623659 24.593512 26.196421 
24.623659 24.593512 26.196421 
24.623659 24.593512 26.196421 
24.623659 24.593512 26.196421 
24.623659 24.593512 26.196421 
24.623659 24.593512 26.196421 
24.623659 24.593512 26.196421 
24.623659 24.593512 26.196421 
24.623659 24.593512 26.196421 
24.623659 24.593512 26.196421 
24.623659 24.593512 26.196421 
24.623659 24.593512 26.196421 
24.623659 24.593512 26.196421 
24.623659 24.593512 26.196421 
24.623659 24.593512 26.196421 
24.623659 24.593512 26.196421 
24.623659 24.593512 26.196421 
24.623659 24.593512 26.196421 
24.623659 24.593512 26.196421 
24.623659 24.593512 26.196421 
24.623659 24.593512 26.196421 
24.623659 24.593512 26.196421 
24.623659 24.593512 26.196421 
24.623659 24.593512 26.196421 
24.623659 24.593512 26.196421 
24.623659 24.593512 26.196421 
24.623659 24.593512 26.196421 
24.623659 24.593512 26.196421 
24.623659 24.593512 26.196421 
24.623659 24.593512 26.196421 
24.623659 24.593512 26.196421 
24.623659 24.593512 26.196421 
24.623659 24.593512 26.196421 
24.623659 24.593512 26.196421 
24.623659 24.593512 26.196421 
24.623659 24.593512 26.196421 
24.623659 24.593512 26.196421 
24.623659 24.593512 26.196421 
24.623659 24.593512 26.196421 
24.623659 24.593512 26.196421 
24.623659 24.593512 26.196421 
24.623659 24.593512 26.196421 
24.623659 24.593512 26.196421 
24.623659 24.593512 26.196421 
24.623659 24.593512 26.196421 
24.623659 24.593512 26.196421 
24.623659 24.593512 26.196421 
24.623659 24.593512 26.196421 
24.623659 24.593512 26.196421 
24.623659 24.593512 26.196421 
24.623659 24.593512 26.196421 
24.623659 24.593512 26.196421 
24.623659 24.593512 26.196421 
24.623659 24.593512 26.196421 
24.623659 24.593512 26.196421 
24.623659 24.593512 26.196421 
24.623659 24.593512 26.196421 
24.623659 24.593512 26.196421 
24.623659 24.593512 26.196421 
24.623659 24.593512 26.196421 
24.623659 24.593512 26.196421 
24.623659 24.593512 26.196421 
24.623659 24.593512 26.196421 
24.623659 24.593512 26.196421 
24.623659 24.593512 26.196421 
24.623659 24.593512 26.196421 
24.623659 24.593512 26.196421 
24.623659 24.593512 26.196421 
24.623659 24.593512 26.196421 
24.623659 24.593512 26.196421 
24.623659 24.593512 26.196421 
24.623659 24.593512 26.196421 
24.623659 24.593512 26.196421 
24.623659 24.593512 26.196421 
24.623659 24.593512 26.196421 
24.623659 24.593512 26.196421 
24.623659 24.593512 26.196421 
24.623659 24.593512 26.196421 
24.623659 24.593512 26.196421 
24.623659 24.593512 26.196421 
24.623659 24.593512 26.196421 
24.623659 24.593512 26.196421 
24.623659 24.593512 26.196421 
24.623659 24.593512 26.196421 
24.623659 24.593512 26.196421 
24.623659 24.593512 26.196421 
24.623659 24.593512 26.196421 
24.623659 24.593512 26.196421 
24.623659 24.593512 26.196421 
24.623659 24.593512 26.196421 
24.623659 24.593512 26.196421 
24.623659 24.593512 26.196421 
24.623659 24.593512 26.196421 
24.623659 24.593512 26.196421 
24.623659 24.593512 26.196421 
24.623659 24.593512 26.196421 
24.623659 24.593512 26.196421 
24.623659 24.593512 26.196421 
24.623659 24.593512 26.196421 
24.623659 24.593512 26.196421 
24.623659 24.593512 26.196421 
24.623659 24.593512 26.196421 
24.623659 24.593512 26.196421 
24.623659 24.593512 26.196421 
24.623659 24.593512 26.196421 
24.623659 24.593512 26.196421 
24.623659 24.593512 26.196421 
24.623659 24.593512 26.196421 
24.623659 24.593512 26.196421 
24.623659 24.593512 26.196421 
24.623659 24.593512 26.196421 
24.623659 24.593512 26.196421 
24.623659 24.593512 26.196421 
24.623659 24.593512 26.196421 
24.623659 24.593512 26.196421 
24.623659 24.593512 26.196421 
24.623659 24.593512 26.196421 
24.623659 24.593512 26.196421 
24.623659 24.593512 26.196421 
24.623659 24.593512 26.196421 
24.623659 24.593512 26.196421 
24.623659 24.593512 26.196421 
24.623659 24.593512 26.196421 
24.623659 24.593512 26.196421 
24.623659 24.593512 26.196421 
24.623659 24.593512 26.196421 
24.623659 24.593512 26.196421 
24.623659 24.593512 26.196421 
24.623659 24.593512 26.196421 
24.623659 24.593512 26.196421 
24.623659 24.593512 26.196421 
24.623659 24.593512 26.196421 
24.623659 24.593512 26.196421 
24.623659 24.593512 26.196421 
24.623659 24.593512 26.196421 
24.623659 24.593512 26.196421 
24.623659 24.593512 26.196421 
24.623659 24.593512 26.196421 
24.623659 24.593512 26.196421 
24.623659 24.593512 26.196421 
24.623659 24.593512 26.196421 
24.623659 24.593512 26.196421 
24.623659 24.593512 26.196421 
24.623659 24.593512 26.196421 
24.623659 24.593512 26.196421 
24.623659 24.593512 26.196421 
24.623659 24.593512 26.196421 
24.623659 24.593512 26.196421 
24.623659 24.593512 26.196421 
24.623659 24.593512 26.196421 
24.623659 24.593512 26.196421 
24.623659 24.593512 26.196421 
24.623659 24.593512 26.196421 
24.623659 24.593512 26.196421 
24.623659 24.593512 26.196421 
24.623659 24.593512 26.196421 
24.623659 24.593512 26.196421 
24.623659 24.593512 26.196421 
24.623659 24.593512 26.196421 
24.623659 24.593512 26.196421 
24.623659 24.593512 26.196421 
24.623659 24.593512 26.196421 
24.623659 24.593512 26.196421 
