0.496792 -4.542914 5.771989 
0.348570 -4.501235 -4.594589 
0.205972 -4.460845 -4.468311 
0.068569 -4.434275 -4.427043 
-0.064190 -4.420903 -4.399011 
-0.192826 -4.420235 -4.384138 
-0.317828 -4.431845 -4.381912 
-0.439661 -4.455371 -4.391891 
-0.558765 -4.490508 -4.413697 
-0.675561 -4.537005 -4.447010 
-0.790449 -4.594665 -4.491568 
-0.903813 -4.663338 -4.547157 
-1.016021 -4.742922 -4.613616 
-1.127428 -4.833361 -4.690829 
-1.238380 -4.934642 -4.778725 
-1.349209 -5.046798 -4.877277 
-1.460242 -5.169900 -4.986502 
-1.571797 -5.304066 -5.106454 
-1.684188 -5.449453 -5.237234 
-1.797726 -5.606261 -5.378980 
-1.912716 -5.774733 -5.531872 
-2.029465 -5.955155 -5.696130 
-2.148278 -6.147861 -5.872017 
-2.269464 -6.353226 -6.059840 
-2.393332 -6.571679 -6.259948 
-2.520196 -6.803694 -6.472734 
-2.650376 -7.049801 -6.698642 
-2.784200 -7.310586 -6.938163 
-2.922004 -7.586692 -7.191841 
-3.064131 -7.878826 -7.460273 
-3.210940 -8.187762 -7.744117 
-3.362802 -8.514347 -8.044092 
-3.520101 -8.859505 -8.360981 
-3.683242 -9.224243 -8.695641 
-3.852645 -9.609661 -9.049005 
-4.028756 -10.016957 -9.422086 
-4.212041 -10.447437 -9.815990 
-4.402995 -10.902524 -10.231921 
-4.602140 -11.383770 -10.671184 
-4.810034 -11.892870 -11.135201 
-5.027267 -12.431674 -11.625524 
-5.254473 -13.002204 -12.143839 
-5.492325 -13.606673 -12.691986 
-5.741549 -14.247505 -13.271973 
-6.002922 -14.927358 -13.885992 
-6.277282 -15.649151 -14.536440 
-6.565532 -16.416094 -15.225942 
-6.868649 -17.231724 -15.957371 
-7.187689 -18.099943 -16.733885 
-7.523800 -19.025064 -17.558952 
-7.878232 -20.011862 -18.436392 
-8.252342 -21.065634 -19.370409 
-8.647618 -22.192268 -20.365654 
-9.065685 -23.398325 -21.427267 
-9.508326 -24.691130 -22.560946 
-9.977500 -26.078876 -23.773016 
-10.475368 -27.570761 -25.070518 
-11.004313 -29.177120 -26.461296 
-11.566975 -30.909615 -27.954115 
-12.166284 -32.781422 -29.558786 
-12.805498 -34.807484 -31.286316 
-13.488254 -37.004795 -33.149082 
-14.218617 -39.392735 -35.161034 
-15.001153 -41.993484 -37.337936 
-15.840993 -44.832504 -39.697636 
-16.743933 -47.939125 -42.260391 
-17.716534 -51.347267 -45.049255 
-18.766249 -55.096283 -48.090530 
-19.901579 -59.232021 -51.414280 
-21.132250 -63.808098 -55.054958 
-22.469431 -68.887482 -59.052128 
-23.926004 -74.544426 -63.451324 
-25.516888 -80.866867 -68.305023 
-27.259424 -87.959412 -73.673775 
-29.173872 -95.947037 -79.627533 
-31.283997 -104.979706 -86.247070 
-33.617817 -115.238152 -93.625565 
-36.208508 -126.941078 -101.870193 
-39.095551 -140.354141 -111.103653 
-42.326153 -155.801056 -121.465218 
-45.957008 -173.677261 -133.110855 
-50.056515 -194.466232 -146.211517 
-54.707489 -218.758621 -160.947784 
-60.010513 -247.273056 -177.498703 
-66.087936 -280.876190 -196.019928 
-73.088516 -320.595947 -216.604675 
-81.192436 -367.615082 -239.216980 
-90.616005 -423.220673 -263.581238 
-101.614410 -488.662262 -289.009308 
-114.479256 -564.837708 -314.143677 
-129.524506 -651.674622 -336.616516 
-147.049927 -747.029846 -352.681305 
-167.264786 -844.955566 -357.031403 
-190.150620 -933.479126 -343.298553 
-215.251099 -992.973389 -306.034119 
-241.423660 -997.981934 -244.726135 
-266.697968 -926.707520 -168.378418 
-288.516357 -778.463928 -95.319397 
-304.560364 -586.060608 -43.103455 
-313.826813 -401.897400 -15.686401 
-317.028168 -263.007751 -4.441589 
-315.882843 -174.283264 -0.208740 
-312.091705 -122.542259 1.441544 
-306.858002 -93.561089 2.039490 
-300.909332 -77.670685 2.067673 
-294.660278 -69.264191 1.712395 
-288.345276 -65.247177 1.065155 
-282.099274 -63.921131 0.181534 
-276.002380 -64.339294 -0.903934 
-270.103821 -65.963402 -2.169380 
-264.435211 -68.481201 -3.601856 
-259.017731 -71.709183 -5.194202 
-253.866440 -75.539009 -6.943123 
-248.992661 -79.907387 -8.847603 
-244.405457 -84.778427 -10.907883 
-240.112579 -90.132965 -13.124443 
-236.120972 -95.961723 -15.497215 
-232.437119 -102.260628 -18.024918 
-229.067200 -109.027489 -20.704193 
-226.017166 -116.259201 -23.529015 
-223.292679 -123.949371 -26.489868 
-220.899033 -132.086075 -29.573074 
-218.840973 -140.649643 -32.760033 
-217.122452 -149.610367 -36.026619 
-215.746307 -158.926285 -39.342590 
-214.713928 -168.540894 -42.671219 
-214.024765 -178.381012 -45.969315 
-213.675873 -188.355042 -49.187302 
-213.661346 -198.351654 -52.270126 
-213.971802 -208.239365 -55.158447 
-214.593750 -217.867340 -57.790588 
-215.509140 -227.067673 -60.105118 
-216.694916 -235.659622 -62.044098 
-218.122757 -243.456039 -63.556564 
-219.759079 -250.271851 -64.602463 
-221.565231 -255.934540 -65.156357 
-223.498138 -260.295959 -65.210129 
-225.511261 -263.244202 -64.775238 
-227.555908 -264.714508 -63.882874 
-229.582916 -264.697479 -62.582596 
-231.544464 -263.243011 -60.939499 
-233.396011 -260.459503 -59.029419 
-235.098068 -256.507294 -56.934067 
-236.617722 -251.587921 -54.735138 
-237.929718 -245.929504 -52.509766 
-239.017044 -239.771088 -50.326370 
-239.871002 -233.347382 -48.242249 
-240.490707 -226.875824 -46.302444 
-240.882278 -220.547134 -44.539749 
-241.057755 -214.519547 -42.975830 
-241.033813 -208.916870 -41.622543 
-240.830521 -203.829330 -40.483902 
-240.470154 -199.316574 -39.557724 
-239.976151 -195.411972 -38.837204 
-239.372253 -192.127228 -38.312393 
-238.681824 -189.457077 -37.971100 
-237.927277 -187.383377 -37.799744 
-237.129776 -185.878677 -37.783966 
-236.308914 -184.909042 -37.908997 
-235.482590 -184.436188 -38.159912 
-234.666946 -184.419174 -38.521774 
-233.876297 -184.815460 -38.979706 
-233.123154 -185.581696 -39.518997 
-232.418259 -186.674210 -40.125061 
-231.770630 -188.049286 -40.783478 
-231.187592 -189.663376 -41.480057 
-230.674850 -191.473221 -42.200806 
-230.236542 -193.435928 -42.932175 
-229.875275 -195.509186 -43.660889 
-229.592239 -197.651367 -44.374405 
-229.387238 -199.821915 -45.060684 
-229.258759 -201.981491 -45.708725 
-229.204056 -204.092499 -46.308472 
-229.219254 -206.119537 -46.851135 
-229.299454 -208.029846 -47.329239 
-229.438858 -209.793869 -47.736969 
-229.630875 -211.385818 -48.070038 
-229.868286 -212.784103 -48.326004 
-230.143402 -213.971848 -48.504120 
-230.448212 -214.937149 -48.605438 
-230.774597 -215.673340 -48.632706 
-231.114471 -216.179031 -48.590149 
-231.459946 -216.458008 -48.483444 
-231.803528 -216.519012 -48.319366 
-232.138229 -216.375275 -48.105591 
-232.457718 -216.043976 -47.850525 
-232.756409 -215.545609 -47.562775 
-233.029572 -214.903168 -47.251236 
-233.273376 -214.141434 -46.924500 
-233.484894 -213.286118 -46.590866 
-233.662140 -212.363098 -46.258102 
-233.804001 -211.397751 -45.933258 
-233.910248 -210.414307 -45.622528 
-233.981415 -209.435318 -45.331314 
-234.018768 -208.481262 -45.064072 
-234.024185 -207.570251 -44.824295 
-234.000046 -206.717804 -44.614624 
-233.949188 -205.936768 -44.436829 
-233.874741 -205.237305 -44.291840 
-233.780090 -204.626923 -44.179901 
-233.668747 -204.110672 -44.100510 
-233.544266 -203.691193 -44.052628 
-233.410172 -203.368973 -44.034683 
-233.269913 -203.142563 -44.044662 
-233.126770 -203.008743 -44.080170 
-232.983826 -202.962784 -44.138580 
-232.843887 -202.998718 -44.216980 
-232.709518 -203.109482 -44.312363 
-232.582947 -203.287170 -44.421585 
-232.466095 -203.523254 -44.541519 
-232.360535 -203.808746 -44.669052 
-232.267502 -204.134430 -44.801132 
-232.187897 -204.491028 -44.934860 
-232.122314 -204.869308 -45.067505 
-232.070999 -205.260330 -45.196518 
-232.033905 -205.655518 -45.319641 
-232.010742 -206.046829 -45.434860 
-232.000931 -206.426865 -45.540451 
-232.003693 -206.788925 -45.634964 
-232.018051 -207.127106 -45.717346 
-232.042877 -207.436401 -45.786774 
-232.076904 -207.712692 -45.842789 
-232.118774 -207.952805 -45.885254 
-232.167068 -208.154526 -45.914230 
-232.220352 -208.316544 -45.930176 
-232.277191 -208.438461 -45.933670 
-232.336166 -208.520706 -45.925568 
-232.395935 -208.564499 -45.906906 
-232.455231 -208.571777 -45.878799 
-232.512894 -208.545044 -45.842575 
-232.567886 -208.487381 -45.799545 
-232.619278 -208.402222 -45.751099 
-232.666306 -208.293365 -45.698654 
-232.708344 -208.164825 -45.643570 
-232.744904 -208.020691 -45.587158 
-232.775665 -207.865067 -45.530685 
-232.800430 -207.701996 -45.475281 
-232.819153 -207.535370 -45.422028 
-232.831909 -207.368851 -45.371826 
-232.838898 -207.205811 -45.325424 
-232.840408 -207.049286 -45.283508 
-232.836823 -206.901947 -45.246567 
-232.828583 -206.766083 -45.214966 
-232.816223 -206.643555 -45.188934 
-232.800308 -206.535828 -45.168610 
-232.781418 -206.443954 -45.153900 
-232.760162 -206.368561 -45.144714 
-232.737137 -206.309906 -45.140808 
-232.712952 -206.267914 -45.141861 
-232.688171 -206.242142 -45.147491 
-232.663330 -206.231903 -45.157211 
-232.638947 -206.236206 -45.170563 
-232.615463 -206.253891 -45.186966 
-232.593292 -206.283585 -45.205887 
-232.572784 -206.323807 -45.226761 
-232.554214 -206.372955 -45.249023 
-232.537811 -206.429382 -45.272095 
-232.523758 -206.491409 -45.295532 
-232.512146 -206.557404 -45.318710 
-232.503021 -206.625702 -45.341324 
-232.496399 -206.694824 -45.362854 
-232.492203 -206.763275 -45.383026 
-232.490356 -206.829773 -45.401505 
-232.490707 -206.893112 -45.417999 
-232.493088 -206.952225 -45.432419 
-232.497299 -207.006287 -45.444565 
-232.503128 -207.054581 -45.454376 
-232.510330 -207.096558 -45.461823 
-232.518661 -207.131821 -45.466949 
-232.527863 -207.160187 -45.469772 
-232.537689 -207.181564 -45.470490 
-232.547897 -207.196091 -45.469193 
-232.558258 -207.203964 -45.466049 
-232.568542 -207.205505 -45.461288 
-232.578552 -207.201172 -45.455109 
-232.588104 -207.191483 -45.447754 
-232.597046 -207.177032 -45.439453 
-232.605240 -207.158478 -45.430435 
-232.612579 -207.136490 -45.420959 
-232.618973 -207.111771 -45.411240 
-232.624374 -207.085037 -45.401474 
-232.628738 -207.056961 -45.391876 
-232.632065 -207.028214 -45.382629 
-232.634354 -206.999420 -45.373901 
-232.635651 -206.971176 -45.365814 
-232.635986 -206.944000 -45.358475 
-232.635437 -206.918350 -45.352005 
-232.634079 -206.894653 -45.346436 
-232.632004 -206.873215 -45.341843 
-232.629303 -206.854309 -45.338211 
-232.626068 -206.838120 -45.335571 
-232.622421 -206.824768 -45.333893 
-232.618454 -206.814331 -45.333115 
-232.614273 -206.806763 -45.333221 
-232.609985 -206.802032 -45.334137 
-232.605682 -206.800003 -45.335754 
-232.601440 -206.800522 -45.338028 
-232.597351 -206.803391 -45.340820 
-232.593475 -206.808350 -45.344086 
-232.589890 -206.815186 -45.347687 
-232.586639 -206.823608 -45.351547 
-232.583755 -206.833328 -45.355530 
-232.581284 -206.844025 -45.359619 
-232.579239 -206.855453 -45.363647 
-232.577621 -206.867294 -45.367584 
-232.576431 -206.879288 -45.371323 
-232.575668 -206.891190 -45.374847 
-232.575317 -206.902756 -45.378098 
-232.575348 -206.913818 -45.380966 
-232.575729 -206.924133 -45.383499 
-232.576431 -206.933578 -45.385651 
-232.577423 -206.942047 -45.387390 
-232.578659 -206.949432 -45.388702 
-232.580093 -206.955643 -45.389633 
-232.581680 -206.960663 -45.390152 
-232.583374 -206.964462 -45.390289 
-232.585144 -206.967072 -45.390091 
-232.586945 -206.968521 -45.389572 
-232.588730 -206.968872 -45.388763 
-232.590469 -206.968185 -45.387726 
-232.592133 -206.966583 -45.386444 
-232.593689 -206.964127 -45.385040 
-232.595123 -206.960968 -45.383484 
-232.596405 -206.957199 -45.381836 
-232.597534 -206.952942 -45.380157 
-232.598480 -206.948334 -45.378448 
-232.599258 -206.943481 -45.376801 
-232.599854 -206.938507 -45.375183 
-232.600266 -206.933502 -45.373657 
-232.600510 -206.928589 -45.372238 
-232.600586 -206.923843 -45.370956 
-232.600510 -206.919373 -45.369797 
-232.600281 -206.915207 -45.368851 
-232.599930 -206.911453 -45.368011 
-232.599472 -206.908127 -45.367371 
-232.598923 -206.905273 -45.366898 
-232.598297 -206.902908 -45.366577 
-232.597610 -206.901031 -45.366440 
-232.596878 -206.899673 -45.366425 
-232.596130 -206.898788 -45.366592 
-232.595383 -206.898407 -45.366852 
-232.594635 -206.898453 -45.367249 
-232.593918 -206.898926 -45.367722 
-232.593246 -206.899765 -45.368286 
-232.592621 -206.900925 -45.368912 
-232.592041 -206.902374 -45.369583 
-232.591537 -206.904053 -45.370285 
-232.591095 -206.905914 -45.370987 
-232.590729 -206.907898 -45.371704 
-232.590439 -206.909958 -45.372375 
-232.590225 -206.912048 -45.373047 
-232.590088 -206.914139 -45.373672 
-232.590027 -206.916168 -45.374222 
-232.590027 -206.918106 -45.374741 
-232.590088 -206.919922 -45.375198 
-232.590210 -206.921585 -45.375565 
-232.590378 -206.923080 -45.375870 
-232.590591 -206.924377 -45.376114 
-232.590836 -206.925476 -45.376282 
-232.591110 -206.926376 -45.376373 
-232.591400 -206.927048 -45.376404 
-232.591705 -206.927521 -45.376389 
-232.592026 -206.927795 -45.376282 
-232.592346 -206.927872 -45.376160 
-232.592651 -206.927765 -45.375961 
-232.592941 -206.927475 -45.375748 
-232.593216 -206.927048 -45.375488 
-232.593475 -206.926498 -45.375244 
-232.593704 -206.925858 -45.374939 
-232.593903 -206.925110 -45.374649 
-232.594070 -206.924301 -45.374344 
-232.594208 -206.923447 -45.374039 
-232.594315 -206.922562 -45.373764 
-232.594391 -206.921692 -45.373505 
-232.594437 -206.920837 -45.373230 
-232.594452 -206.919983 -45.373032 
-232.594437 -206.919205 -45.372803 
-232.594391 -206.918457 -45.372665 
-232.594330 -206.917816 -45.372498 
-232.594254 -206.917221 -45.372391 
-232.594162 -206.916718 -45.372299 
-232.594055 -206.916290 -45.372238 
-232.593933 -206.915955 -45.372208 
-232.593811 -206.915710 -45.372208 
-232.593674 -206.915543 -45.372238 
-232.593536 -206.915466 -45.372284 
-232.593399 -206.915482 -45.372360 
-232.593277 -206.915573 -45.372437 
-232.593155 -206.915710 -45.372543 
-232.593048 -206.915924 -45.372650 
-232.592941 -206.916183 -45.372772 
-232.592850 -206.916489 -45.372894 
-232.592773 -206.916809 -45.373032 
-232.592712 -206.917160 -45.373154 
-232.592667 -206.917526 -45.373260 
-232.592636 -206.917892 -45.373383 
-232.592606 -206.918259 -45.373474 
-232.592590 -206.918610 -45.373596 
-232.592590 -206.918961 -45.373688 
-232.592606 -206.919281 -45.373764 
-232.592621 -206.919571 -45.373825 
-232.592651 -206.919830 -45.373886 
-232.592682 -206.920074 -45.373917 
-232.592728 -206.920273 -45.373962 
-232.592773 -206.920441 -45.373962 
-232.592819 -206.920547 -45.373993 
-232.592880 -206.920639 -45.373978 
-232.592941 -206.920685 -45.373962 
-232.593002 -206.920700 -45.373932 
-232.593063 -206.920670 -45.373901 
-232.593109 -206.920624 -45.373840 
-232.593155 -206.920532 -45.373810 
-232.593201 -206.920441 -45.373749 
-232.593246 -206.920319 -45.373703 
-232.593277 -206.920181 -45.373657 
-232.593307 -206.920044 -45.373596 
-232.593323 -206.919876 -45.373566 
-232.593338 -206.919739 -45.373489 
-232.593353 -206.919571 -45.373459 
-232.593353 -206.919418 -45.373398 
-232.593353 -206.919266 -45.373383 
-232.593353 -206.919144 -45.373337 
-232.593353 -206.919022 -45.373322 
-232.593338 -206.918915 -45.373291 
-232.593323 -206.918808 -45.373276 
-232.593307 -206.918732 -45.373260 
-232.593292 -206.918655 -45.373245 
-232.593277 -206.918594 -45.373230 
-232.593262 -206.918549 -45.373230 
-232.593231 -206.918518 -45.373230 
-232.593201 -206.918503 -45.373245 
-232.593170 -206.918503 -45.373260 
-232.593155 -206.918518 -45.373276 
-232.593140 -206.918549 -45.373291 
-232.593124 -206.918579 -45.373306 
-232.593109 -206.918610 -45.373322 
-232.593094 -206.918655 -45.373337 
-232.593079 -206.918701 -45.373367 
-232.593063 -206.918762 -45.373383 
-232.593048 -206.918823 -45.373413 
-232.593033 -206.918900 -45.373428 
-232.593033 -206.918961 -45.373474 
-232.593033 -206.919037 -45.373474 
-232.593033 -206.919098 -45.373505 
-232.593033 -206.919159 -45.373520 
-232.593033 -206.919220 -45.373520 
-232.593033 -206.919266 -45.373535 
-232.593033 -206.919312 -45.373535 
-232.593048 -206.919357 -45.373566 
-232.593063 -206.919403 -45.373550 
-232.593079 -206.919418 -45.373550 
-232.593094 -206.919434 -45.373550 
-232.593109 -206.919434 -45.373550 
-232.593124 -206.919434 -45.373535 
-232.593140 -206.919418 -45.373520 
-232.593155 -206.919388 -45.373520 
-232.593155 -206.919373 -45.373505 
-232.593155 -206.919342 -45.373489 
-232.593155 -206.919312 -45.373489 
-232.593155 -206.919296 -45.373474 
-232.593155 -206.919266 -45.373474 
-232.593155 -206.919250 -45.373459 
-232.593155 -206.919220 -45.373474 
-232.593155 -206.919205 -45.373459 
-232.593155 -206.919189 -45.373459 
-232.593155 -206.919174 -45.373459 
-232.593155 -206.919159 -45.373444 
-232.593155 -206.919144 -45.373444 
-232.593155 -206.919128 -45.373444 
-232.593155 -206.919128 -45.373444 
-232.593155 -206.919128 -45.373444 
-232.593155 -206.919128 -45.373444 
-232.593155 -206.919128 -45.373444 
-232.593155 -206.919128 -45.373444 
-232.593155 -206.919128 -45.373444 
-232.593155 -206.919128 -45.373444 
-232.593155 -206.919128 -45.373444 
-232.593155 -206.919128 -45.373444 
-232.593155 -206.919128 -45.373444 
-232.593155 -206.919128 -45.373444 
-232.593155 -206.919128 -45.373444 
-232.593155 -206.919128 -45.373444 
-232.593155 -206.919128 -45.373444 
-232.593155 -206.919128 -45.373444 
-232.593155 -206.919128 -45.373444 
-232.593155 -206.919128 -45.373444 
-232.593155 -206.919128 -45.373444 
-232.593155 -206.919128 -45.373444 
-232.593155 -206.919128 -45.373444 
-232.593155 -206.919128 -45.373444 
-232.593155 -206.919128 -45.373444 
-232.593155 -206.919128 -45.373444 
-232.593155 -206.919128 -45.373444 
-232.593155 -206.919128 -45.373444 
-232.593155 -206.919128 -45.373444 
-232.593155 -206.919128 -45.373444 
-232.593155 -206.919128 -45.373444 
-232.593155 -206.919128 -45.373444 
-232.593155 -206.919128 -45.373444 
-232.593155 -206.919128 -45.373444 
-232.593155 -206.919128 -45.373444 
-232.593155 -206.919128 -45.373444 
-232.593155 -206.919128 -45.373444 
-232.593155 -206.919128 -45.373444 
-232.593155 -206.919128 -45.373444 
-232.593155 -206.919128 -45.373444 
-232.593155 -206.919128 -45.373444 
-232.593155 -206.919128 -45.373444 
-232.593155 -206.919128 -45.373444 
-232.593155 -206.919128 -45.373444 
-232.593155 -206.919128 -45.373444 
-232.593155 -206.919128 -45.373444 
-232.593155 -206.919128 -45.373444 
-232.593155 -206.919128 -45.373444 
-232.593155 -206.919128 -45.373444 
-232.593155 -206.919128 -45.373444 
-232.593155 -206.919128 -45.373444 
-232.593155 -206.919128 -45.373444 
-232.593155 -206.919128 -45.373444 
-232.593155 -206.919128 -45.373444 
-232.593155 -206.919128 -45.373444 
-232.593155 -206.919128 -45.373444 
-232.593155 -206.919128 -45.373444 
-232.593155 -206.919128 -45.373444 
-232.593155 -206.919128 -45.373444 
-232.593155 -206.919128 -45.373444 
-232.593155 -206.919128 -45.373444 
-232.593155 -206.919128 -45.373444 
-232.593155 -206.919128 -45.373444 
-232.593155 -206.919128 -45.373444 
-232.593155 -206.919128 -45.373444 
-232.593155 -206.919128 -45.373444 
-232.593155 -206.919128 -45.373444 
-232.593155 -206.919128 -45.373444 
-232.593155 -206.919128 -45.373444 
-232.593155 -206.919128 -45.373444 
-232.593155 -206.919128 -45.373444 
-232.593155 -206.919128 -45.373444 
-232.593155 -206.919128 -45.373444 
-232.593155 -206.919128 -45.373444 
-232.593155 -206.919128 -45.373444 
-232.593155 -206.919128 -45.373444 
-232.593155 -206.919128 -45.373444 
-232.593155 -206.919128 -45.373444 
-232.593155 -206.919128 -45.373444 
-232.593155 -206.919128 -45.373444 
-232.593155 -206.919128 -45.373444 
-232.593155 -206.919128 -45.373444 
-232.593155 -206.919128 -45.373444 
-232.593155 -206.919128 -45.373444 
-232.593155 -206.919128 -45.373444 
-232.593155 -206.919128 -45.373444 
-232.593155 -206.919128 -45.373444 
-232.593155 -206.919128 -45.373444 
-232.593155 -206.919128 -45.373444 
-232.593155 -206.919128 -45.373444 
-232.593155 -206.919128 -45.373444 
-232.593155 -206.919128 -45.373444 
-232.593155 -206.919128 -45.373444 
-232.593155 -206.919128 -45.373444 
-232.593155 -206.919128 -45.373444 
-232.593155 -206.919128 -45.373444 
-232.593155 -206.919128 -45.373444 
-232.593155 -206.919128 -45.373444 
-232.593155 -206.919128 -45.373444 
-232.593155 -206.919128 -45.373444 
-232.593155 -206.919128 -45.373444 
-232.593155 -206.919128 -45.373444 
-232.593155 -206.919128 -45.373444 
-232.593155 -206.919128 -45.373444 
-232.593155 -206.919128 -45.373444 
-232.593155 -206.919128 -45.373444 
-232.593155 -206.919128 -45.373444 
-232.593155 -206.919128 -45.373444 
-232.593155 -206.919128 -45.373444 
-232.593155 -206.919128 -45.373444 
-232.593155 -206.919128 -45.373444 
-232.593155 -206.919128 -45.373444 
-232.593155 -206.919128 -45.373444 
-232.593155 -206.919128 -45.373444 
-232.593155 -206.919128 -45.373444 
-232.593155 -206.919128 -45.373444 
-232.593155 -206.919128 -45.373444 
-232.593155 -206.919128 -45.373444 
-232.593155 -206.919128 -45.373444 
-232.593155 -206.919128 -45.373444 
-232.593155 -206.919128 -45.373444 
-232.593155 -206.919128 -45.373444 
-232.593155 -206.919128 -45.373444 
-232.593155 -206.919128 -45.373444 
-232.593155 -206.919128 -45.373444 
-232.593155 -206.919128 -45.373444 
-232.593155 -206.919128 -45.373444 
-232.593155 -206.919128 -45.373444 
-232.593155 -206.919128 -45.373444 
-232.593155 -206.919128 -45.373444 
-232.593155 -206.919128 -45.373444 
-232.593155 -206.919128 -45.373444 
-232.593155 -206.919128 -45.373444 
-232.593155 -206.919128 -45.373444 
-232.593155 -206.919128 -45.373444 
-232.593155 -206.919128 -45.373444 
-232.593155 -206.919128 -45.373444 
-232.593155 -206.919128 -45.373444 
-232.593155 -206.919128 -45.373444 
-232.593155 -206.919128 -45.373444 
-232.593155 -206.919128 -45.373444 
-232.593155 -206.919128 -45.373444 
-232.593155 -206.919128 -45.373444 
-232.593155 -206.919128 -45.373444 
-232.593155 -206.919128 -45.373444 
-232.593155 -206.919128 -45.373444 
-232.593155 -206.919128 -45.373444 
-232.593155 -206.919128 -45.373444 
-232.593155 -206.919128 -45.373444 
-232.593155 -206.919128 -45.373444 
-232.593155 -206.919128 -45.373444 
-232.593155 -206.919128 -45.373444 
-232.593155 -206.919128 -45.373444 
-232.593155 -206.919128 -45.373444 
-232.593155 -206.919128 -45.373444 
-232.593155 -206.919128 -45.373444 
-232.593155 -206.919128 -45.373444 
-232.593155 -206.919128 -45.373444 
-232.593155 -206.919128 -45.373444 
-232.593155 -206.919128 -45.373444 
-232.593155 -206.919128 -45.373444 
-232.593155 -206.919128 -45.373444 
-232.593155 -206.919128 -45.373444 
-232.593155 -206.919128 -45.373444 
-232.593155 -206.919128 -45.373444 
-232.593155 -206.919128 -45.373444 
-232.593155 -206.919128 -45.373444 
-232.593155 -206.919128 -45.373444 
-232.593155 -206.919128 -45.373444 
-232.593155 -206.919128 -45.373444 
-232.593155 -206.919128 -45.373444 
-232.593155 -206.919128 -45.373444 
-232.593155 -206.919128 -45.373444 
-232.593155 -206.919128 -45.373444 
-232.593155 -206.919128 -45.373444 
-232.593155 -206.919128 -45.373444 
-232.593155 -206.919128 -45.373444 
-232.593155 -206.919128 -45.373444 
-232.593155 -206.919128 -45.373444 
-232.593155 -206.919128 -45.373444 
-232.593155 -206.919128 -45.373444 
-232.593155 -206.919128 -45.373444 
-232.593155 -206.919128 -45.373444 
-232.593155 -206.919128 -45.373444 
-232.593155 -206.919128 -45.373444 
-232.593155 -206.919128 -45.373444 
-232.593155 -206.919128 -45.373444 
-232.593155 -206.919128 -45.373444 
-232.593155 -206.919128 -45.373444 
-232.593155 -206.919128 -45.373444 
-232.593155 -206.919128 -45.373444 
-232.593155 -206.919128 -45.373444 
-232.593155 -206.919128 -45.373444 
-232.593155 -206.919128 -45.373444 
-232.593155 -206.919128 -45.373444 
-232.593155 -206.919128 -45.373444 
-232.593155 -206.919128 -45.373444 
-232.593155 -206.919128 -45.373444 
-232.593155 -206.919128 -45.373444 
-232.593155 -206.919128 -45.373444 
-232.593155 -206.919128 -45.373444 
-232.593155 -206.919128 -45.373444 
-232.593155 -206.919128 -45.373444 
-232.593155 -206.919128 -45.373444 
-232.593155 -206.919128 -45.373444 
-232.593155 -206.919128 -45.373444 
-232.593155 -206.919128 -45.373444 
-232.593155 -206.919128 -45.373444 
-232.593155 -206.919128 -45.373444 
-232.593155 -206.919128 -45.373444 
-232.593155 -206.919128 -45.373444 
-232.593155 -206.919128 -45.373444 
-232.593155 -206.919128 -45.373444 
-232.593155 -206.919128 -45.373444 
-232.593155 -206.919128 -45.373444 
-232.593155 -206.919128 -45.373444 
-232.593155 -206.919128 -45.373444 
-232.593155 -206.919128 -45.373444 
-232.593155 -206.919128 -45.373444 
-232.593155 -206.919128 -45.373444 
-232.593155 -206.919128 -45.373444 
-232.593155 -206.919128 -45.373444 
-232.593155 -206.919128 -45.373444 
-232.593155 -206.919128 -45.373444 
-232.593155 -206.919128 -45.373444 
-232.593155 -206.919128 -45.373444 
-232.593155 -206.919128 -45.373444 
-232.593155 -206.919128 -45.373444 
-232.593155 -206.919128 -45.373444 
-232.593155 -206.919128 -45.373444 
-232.593155 -206.919128 -45.373444 
-232.593155 -206.919128 -45.373444 
-232.593155 -206.919128 -45.373444 
-232.593155 -206.919128 -45.373444 
-232.593155 -206.919128 -45.373444 
-232.593155 -206.919128 -45.373444 
-232.593155 -206.919128 -45.373444 
-232.593155 -206.919128 -45.373444 
-232.593155 -206.919128 -45.373444 
-232.593155 -206.919128 -45.373444 
-232.593155 -206.919128 -45.373444 
-232.593155 -206.919128 -45.373444 
-232.593155 -206.919128 -45.373444 
-232.593155 -206.919128 -45.373444 
-232.593155 -206.919128 -45.373444 
-232.593155 -206.919128 -45.373444 
-232.593155 -206.919128 -45.373444 
-232.593155 -206.919128 -45.373444 
-232.593155 -206.919128 -45.373444 
-232.593155 -206.919128 -45.373444 
-232.593155 -206.919128 -45.373444 
-232.593155 -206.919128 -45.373444 
-232.593155 -206.919128 -45.373444 
-232.593155 -206.919128 -45.373444 
-232.593155 -206.919128 -45.373444 
-232.593155 -206.919128 -45.373444 
-232.593155 -206.919128 -45.373444 
-232.593155 -206.919128 -45.373444 
-232.593155 -206.919128 -45.373444 
-232.593155 -206.919128 -45.373444 
-232.593155 -206.919128 -45.373444 
-232.593155 -206.919128 -45.373444 
-232.593155 -206.919128 -45.373444 
-232.593155 -206.919128 -45.373444 
-232.593155 -206.919128 -45.373444 
-232.593155 -206.919128 -45.373444 
-232.593155 -206.919128 -45.373444 
-232.593155 -206.919128 -45.373444 
-232.593155 -206.919128 -45.373444 
-232.593155 -206.919128 -45.373444 
-232.593155 -206.919128 -45.373444 
-232.593155 -206.919128 -45.373444 
-232.593155 -206.919128 -45.373444 
-232.593155 -206.919128 -45.373444 
-232.593155 -206.919128 -45.373444 
-232.593155 -206.919128 -45.373444 
-232.593155 -206.919128 -45.373444 
-232.593155 -206.919128 -45.373444 
-232.593155 -206.919128 -45.373444 
-232.593155 -206.919128 -45.373444 
-232.593155 -206.919128 -45.373444 
-232.593155 -206.919128 -45.373444 
-232.593155 -206.919128 -45.373444 
-232.593155 -206.919128 -45.373444 
-232.593155 -206.919128 -45.373444 
-232.593155 -206.919128 -45.373444 
-232.593155 -206.919128 -45.373444 
-232.593155 -206.919128 -45.373444 
-232.593155 -206.919128 -45.373444 
-232.593155 -206.919128 -45.373444 
-232.593155 -206.919128 -45.373444 
-232.593155 -206.919128 -45.373444 
-232.593155 -206.919128 -45.373444 
-232.593155 -206.919128 -45.373444 
-232.593155 -206.919128 -45.373444 
-232.593155 -206.919128 -45.373444 
-232.593155 -206.919128 -45.373444 
-232.593155 -206.919128 -45.373444 
-232.593155 -206.919128 -45.373444 
-232.593155 -206.919128 -45.373444 
-232.593155 -206.919128 -45.373444 
-232.593155 -206.919128 -45.373444 
-232.593155 -206.919128 -45.373444 
-232.593155 -206.919128 -45.373444 
-232.593155 -206.919128 -45.373444 
-232.593155 -206.919128 -45.373444 
-232.593155 -206.919128 -45.373444 
-232.593155 -206.919128 -45.373444 
-232.593155 -206.919128 -45.373444 
-232.593155 -206.919128 -45.373444 
-232.593155 -206.919128 -45.373444 
-232.593155 -206.919128 -45.373444 
-232.593155 -206.919128 -45.373444 
-232.593155 -206.919128 -45.373444 
-232.593155 -206.919128 -45.373444 
-232.593155 -206.919128 -45.373444 
-232.593155 -206.919128 -45.373444 
-232.593155 -206.919128 -45.373444 
-232.593155 -206.919128 -45.373444 
-232.593155 -206.919128 -45.373444 
-232.593155 -206.919128 -45.373444 
-232.593155 -206.919128 -45.373444 
-232.593155 -206.919128 -45.373444 
-232.593155 -206.919128 -45.373444 
-232.593155 -206.919128 -45.373444 
-232.593155 -206.919128 -45.373444 
-232.593155 -206.919128 -45.373444 
-232.593155 -206.919128 -45.373444 
-232.593155 -206.919128 -45.373444 
-232.593155 -206.919128 -45.373444 
-232.593155 -206.919128 -45.373444 
-232.593155 -206.919128 -45.373444 
-232.593155 -206.919128 -45.373444 
-232.593155 -206.919128 -45.373444 
-232.593155 -206.919128 -45.373444 
-232.593155 -206.919128 -45.373444 
-232.593155 -206.919128 -45.373444 
-232.593155 -206.919128 -45.373444 
-232.593155 -206.919128 -45.373444 
-232.593155 -206.919128 -45.373444 
-232.593155 -206.919128 -45.373444 
-232.593155 -206.919128 -45.373444 
-232.593155 -206.919128 -45.373444 
-232.593155 -206.919128 -45.373444 
-232.593155 -206.919128 -45.373444 
-232.593155 -206.919128 -45.373444 
-232.593155 -206.919128 -45.373444 
-232.593155 -206.919128 -45.373444 
-232.593155 -206.919128 -45.373444 
-232.593155 -206.919128 -45.373444 
-232.593155 -206.919128 -45.373444 
-232.593155 -206.919128 -45.373444 
-232.593155 -206.919128 -45.373444 
-232.593155 -206.919128 -45.373444 
-232.593155 -206.919128 -45.373444 
-232.593155 -206.919128 -45.373444 
-232.593155 -206.919128 -45.373444 
-232.593155 -206.919128 -45.373444 
-232.593155 -206.919128 -45.373444 
-232.593155 -206.919128 -45.373444 
-232.593155 -206.919128 -45.373444 
-232.593155 -206.919128 -45.373444 
-232.593155 -206.919128 -45.373444 
-232.593155 -206.919128 -45.373444 
-232.593155 -206.919128 -45.373444 
-232.593155 -206.919128 -45.373444 
-232.593155 -206.919128 -45.373444 
-232.593155 -206.919128 -45.373444 
-232.593155 -206.919128 -45.373444 
-232.593155 -206.919128 -45.373444 
-232.593155 -206.919128 -45.373444 
-232.593155 -206.919128 -45.373444 
-232.593155 -206.919128 -45.373444 
-232.593155 -206.919128 -45.373444 
-232.593155 -206.919128 -45.373444 
-232.593155 -206.919128 -45.373444 
-232.593155 -206.919128 -45.373444 
-232.593155 -206.919128 -45.373444 
-232.593155 -206.919128 -45.373444 
-232.593155 -206.919128 -45.373444 
-232.593155 -206.919128 -45.373444 
-232.593155 -206.919128 -45.373444 
-232.593155 -206.919128 -45.373444 
-232.593155 -206.919128 -45.373444 
-232.593155 -206.919128 -45.373444 
-232.593155 -206.919128 -45.373444 
-232.593155 -206.919128 -45.373444 
-232.593155 -206.919128 -45.373444 
-232.593155 -206.919128 -45.373444 
-232.593155 -206.919128 -45.373444 
-232.593155 -206.919128 -45.373444 
-232.593155 -206.919128 -45.373444 
-232.593155 -206.919128 -45.373444 
-232.593155 -206.919128 -45.373444 
-232.593155 -206.919128 -45.373444 
-232.593155 -206.919128 -45.373444 
-232.593155 -206.919128 -45.373444 
-232.593155 -206.919128 -45.373444 
-232.593155 -206.919128 -45.373444 
-232.593155 -206.919128 -45.373444 
-232.593155 -206.919128 -45.373444 
-232.593155 -206.919128 -45.373444 
-232.593155 -206.919128 -45.373444 
-232.593155 -206.919128 -45.373444 
-232.593155 -206.919128 -45.373444 
-232.593155 -206.919128 -45.373444 
-232.593155 -206.919128 -45.373444 
-232.593155 -206.919128 -45.373444 
-232.593155 -206.919128 -45.373444 
-232.593155 -206.919128 -45.373444 
-232.593155 -206.919128 -45.373444 
-232.593155 -206.919128 -45.373444 
-232.593155 -206.919128 -45.373444 
-232.593155 -206.919128 -45.373444 
-232.593155 -206.919128 -45.373444 
-232.593155 -206.919128 -45.373444 
-232.593155 -206.919128 -45.373444 
-232.593155 -206.919128 -45.373444 
-232.593155 -206.919128 -45.373444 
-232.593155 -206.919128 -45.373444 
-232.593155 -206.919128 -45.373444 
-232.593155 -206.919128 -45.373444 
-232.593155 -206.919128 -45.373444 
-232.593155 -206.919128 -45.373444 
-232.593155 -206.919128 -45.373444 
-232.593155 -206.919128 -45.373444 
-232.593155 -206.919128 -45.373444 
-232.593155 -206.919128 -45.373444 
-232.593155 -206.919128 -45.373444 
-232.593155 -206.919128 -45.373444 
-232.593155 -206.919128 -45.373444 
-232.593155 -206.919128 -45.373444 
-232.593155 -206.919128 -45.373444 
-232.593155 -206.919128 -45.373444 
-232.593155 -206.919128 -45.373444 
-232.593155 -206.919128 -45.373444 
-232.593155 -206.919128 -45.373444 
-232.593155 -206.919128 -45.373444 
-232.593155 -206.919128 -45.373444 
-232.593155 -206.919128 -45.373444 
-232.593155 -206.919128 -45.373444 
-232.593155 -206.919128 -45.373444 
-232.593155 -206.919128 -45.373444 
-232.593155 -206.919128 -45.373444 
-232.593155 -206.919128 -45.373444 
-232.593155 -206.919128 -45.373444 
-232.593155 -206.919128 -45.373444 
-232.593155 -206.919128 -45.373444 
-232.593155 -206.919128 -45.373444 
-232.593155 -206.919128 -45.373444 
-232.593155 -206.919128 -45.373444 
-232.593155 -206.919128 -45.373444 
-232.593155 -206.919128 -45.373444 
-232.593155 -206.919128 -45.373444 
-232.593155 -206.919128 -45.373444 
-232.593155 -206.919128 -45.373444 
-232.593155 -206.919128 -45.373444 
-232.593155 -206.919128 -45.373444 
-232.593155 -206.919128 -45.373444 
-232.593155 -206.919128 -45.373444 
-232.593155 -206.919128 -45.373444 
-232.593155 -206.919128 -45.373444 
-232.593155 -206.919128 -45.373444 
-232.593155 -206.919128 -45.373444 
-232.593155 -206.919128 -45.373444 
-232.593155 -206.919128 -45.373444 
-232.593155 -206.919128 -45.373444 
-232.593155 -206.919128 -45.373444 
-232.593155 -206.919128 -45.373444 
-232.593155 -206.919128 -45.373444 
-232.593155 -206.919128 -45.373444 
-232.593155 -206.919128 -45.373444 
-232.593155 -206.919128 -45.373444 
-232.593155 -206.919128 -45.373444 
-232.593155 -206.919128 -45.373444 
-232.593155 -206.919128 -45.373444 
-232.593155 -206.919128 -45.373444 
-232.593155 -206.919128 -45.373444 
-232.593155 -206.919128 -45.373444 
-232.593155 -206.919128 -45.373444 
-232.593155 -206.919128 -45.373444 
-232.593155 -206.919128 -45.373444 
-232.593155 -206.919128 -45.373444 
-232.593155 -206.919128 -45.373444 
-232.593155 -206.919128 -45.373444 
-232.593155 -206.919128 -45.373444 
-232.593155 -206.919128 -45.373444 
-232.593155 -206.919128 -45.373444 
-232.593155 -206.919128 -45.373444 
-232.593155 -206.919128 -45.373444 
-232.593155 -206.919128 -45.373444 
-232.593155 -206.919128 -45.373444 
-232.593155 -206.919128 -45.373444 
-232.593155 -206.919128 -45.373444 
-232.593155 -206.919128 -45.373444 
-232.593155 -206.919128 -45.373444 
-232.593155 -206.919128 -45.373444 
-232.593155 -206.919128 -45.373444 
-232.593155 -206.919128 -45.373444 
-232.593155 -206.919128 -45.373444 
-232.593155 -206.919128 -45.373444 
-232.593155 -206.919128 -45.373444 
-232.593155 -206.919128 -45.373444 
-232.593155 -206.919128 -45.373444 
-232.593155 -206.919128 -45.373444 
-232.593155 -206.919128 -45.373444 
-232.593155 -206.919128 -45.373444 
-232.593155 -206.919128 -45.373444 
-232.593155 -206.919128 -45.373444 
-232.593155 -206.919128 -45.373444 
-232.593155 -206.919128 -45.373444 
-232.593155 -206.919128 -45.373444 
-232.593155 -206.919128 -45.373444 
-232.593155 -206.919128 -45.373444 
-232.593155 -206.919128 -45.373444 
-232.593155 -206.919128 -45.373444 
-232.593155 -206.919128 -45.373444 
-232.593155 -206.919128 -45.373444 
-232.593155 -206.919128 -45.373444 
-232.593155 -206.919128 -45.373444 
-232.593155 -206.919128 -45.373444 
-232.593155 -206.919128 -45.373444 
-232.593155 -206.919128 -45.373444 
-232.593155 -206.919128 -45.373444 
-232.593155 -206.919128 -45.373444 
-232.593155 -206.919128 -45.373444 
-232.593155 -206.919128 -45.373444 
-232.593155 -206.919128 -45.373444 
-232.593155 -206.919128 -45.373444 
-232.593155 -206.919128 -45.373444 
-232.593155 -206.919128 -45.373444 
-232.593155 -206.919128 -45.373444 
-232.593155 -206.919128 -45.373444 
-232.593155 -206.919128 -45.373444 
